date,max_demand_gen,max_demand_sub,highest_gen,min_gen,day_peak_gen,eve_peak_gen,eve_peal_load_shedding,water_level_kaptai,rule_curve,max_temp,total_gas,total_energy,Dhaka (Demand at Evening Peak),Mymensingh (Demand at Evening Peak),Chattogram (Demand at Evening Peak),Sylhet (Demand at Evening Peak),Khulna (Demand at Evening Peak),Barishal (Demand at Evening Peak),Rajshahi (Demand at Evening Peak),Rangpur (Demand at Evening Peak),Cumilla (Demand at Evening Peak)
31.05.15,7817.00,7273.00,7817.00,5623.00,6529.00,7817.00,0.00,78.99,76.00,35.5,1007.95,157.20,3046,460,707,270,832,160,785,370,643
01.06.15,7782.00,7206.00,7782.00,5838.00,6338.00,7782.00,0.00,78.95,73.26,36,1003.48,157.65,3048,463,736,259,828,141,732,374,625
02.06.15,6869.00,6348.00,6869.00,5167.00,6482.00,6869.00,0.00,78.85,76.52,36,1004.19,148.74,2456,433,682,244,696,146,668,397,626
03.06.15,7549.00,7023.00,7558.00,4975.00,5658.00,7549.00,0.00,78.50,76.78,35.7,1037.43,146.43,2669,497,726,293,800,155,786,434,663
04.06.15,7676.00,7098.00,7752.00,6017.00,6552.00,7676.00,0.00,78.18,77.04,36.2,1049.77,163.47,2869,475,722,297,829,161,765,388,592
05.06.15,7312.00,6805.00,7444.00,5841.00,6195.00,7312.00,0.00,77.90,77.30,36.5,1029.04,165.22,2751,423,666,296,723,141,737,415,653
06.06.15,7372.00,6734.00,7435.00,6060.00,6613.00,7372.00,0.00,77.66,77.56,34.8,1029.04,161.25,2891,431,709,253,672,151,660,361,606
07.06.15,7496.00,6909.00,7496.00,6092.00,6861.00,7496.00,0.00,77.36,77.82,35.6,1015.44,170.66,2923,389,705,276,781,150,773,372,540
08.06.15,7573.00,7123.00,7704.00,6197.00,6656.00,7573.00,0.00,76.90,78.08,36.0,1005.77,164.10,3064,398,738,310,757,141,760,364,591
09.06.15,7653.00,7092.00,7653.00,5957.00,6840.00,7653.00,0.00,76.28,78.34,35.0,1028.93,165.19,2974,402,728,275,808,153,768,356,628
10.06.15,7385.00,6921.00,7385.00,5843.00,6036.00,7385.00,0.00,75.36,78.60,31.2,959.16,155.58,2825,415,717,263,821,154,773,376,577
13.06.15,6966.00,6552.00,6966.00,4476.00,4476.00,6966.00,0.00,74.34,79.41,31.6,921.74,137.70,2597,401,710,266,735,144,721,401,577
14.06.15,6869.00,6247.00,6869.00,4722.00,5504.00,6869.00,0.00,74.59,79.68,32.5,960.05,139.72,2587,364,685,288,685,148,648,311,531
15.06.15,7200.00,6702.00,7208.00,5142.00,6019.00,7200.00,0.00,74.70,79.95,31.6,985.15,147.20,2717,423,695,285,790,151,690,368,583
16.06.15,7300.00,6708.00,7085.00,4988.00,6018.00,7085.00,194.00,74.78,80.22,31.6,959.24,146.31,2685,385,730,266,810,147,720,375,590
17.06.15,7297.00,6797.00,7297.00,5431.00,6051.00,7297.00,0.00,74.87,80.49,32.6,996.82,149.24,2819,412,724,307,737,141,765,377,515
18.06.15,7500.00,6913.00,7348.00,5586.00,6184.00,7279.00,200.00,74.77,80.76,33.6,998.10,151.16,2815,440,765,202,765,142,727,424,633
19.06.15,7650.00,7126.00,7407.00,5627.00,5685.00,7407.00,219.00,74.41,81.03,35.0,989.84,153.51,2787,459,780,312,840,158,750,380,660
20.06.15,7700.00,7051.00,7407.00,5992.00,6265.00,7407.00,264.00,74.15,81.30,34.2,1020.69,157.40,2870,475,678,272,820,166,785,375,610
21.06.15,7600.00,7071.00,7472.00,5964.00,6272.00,7397.00,183.00,74.24,81.57,33,1041.85,158.51,2834,455,735,267,850,160,750,410,610
22.06.15,7365.00,6857.00,7365.00,5420.00,5845.00,7365.00,0.00,74.37,81.84,29.3,1039.36,148.64,2730,468,642,299,840,131,757,371,619
23.06.15,7513.00,7018.00,7513.00,4918.00,5822.00,7513.00,0.00,74.92,82.11,30.7,1084.24,148.85,2850,457,682,293,841,143,704,405,643
24.06.15,7632.00,7096.00,7632.00,4973.00,5828.00,7632.00,0.00,76.10,82.38,30.5,1042.08,144.64,2899,450,691,302,836,143,765,410,600
25.06.15,7343.00,6809.00,7343.00,4717.00,5521.00,7343.00,0.00,78.22,82.85,29.2,993.35,143.84,2747,436,622,311,821,132,728,389,623
26.06.15,7212.00,6680.00,7212.00,4420.00,4858.00,7212.00,0.00,80.92,82.92,29.5,936.07,132.66,2668,466,621,300,801,137,701,401,585
27.06.15,7121.00,6599.00,7121.00,4552.00,4970.00,7121.00,0.00,82.57,83.19,28.3,991.10,132.92,2572,469,652,317,826,136,626,388,613
28.06.15,7475.00,6882.00,7475.00,4504.00,5496.00,7475.00,0.00,83.94,83.46,30,1026.43,136.87,2752,459,700,276,809,149,699,377,661
29.06.15,7719.00,7199.00,7719.00,4857.00,6074.00,7719.00,0.00,84.68,83.73,33.4,1077.48,148.41,2901,455,726,314,829,157,763,396,658
30.06.15,7802.00,7298.00,7802.00,5184.00,6116.00,7802.00,0.00,84.68,83.73,36,1137.97,154.18,2933,501,726,313,833,151,784,438,619
01.07.15,7923.00,7421.00,7923.00,5675.00,6458.00,7923.00,0.00,85.32,84.16,34,1152.32,160.67,2997,493,711,298,858,156,802,456,650
02.07.15,7858.00,7214.00,7858.00,5784.00,6461.00,7858.00,0.00,84.68,84.32,32.5,1113.08,156.84,2869,474,703,312,849,159,763,422,663
03.07.15,7810.00,7232.00,7810.00,5345.00,5616.00,7810.00,0.00,85.72,84.48,34,1126.30,150.41,2836,468,717,312,872,160,775,458,634
04.07.15,7744.00,7196.00,7744.00,5723.00,6537.00,7744.00,0.00,85.77,84.64,35.2,1150.37,161.11,3032,388,743,317,881,169,691,388,587
05.07.15,8032.00,7426.00,8032.00,5645.00,6521.00,8032.00,0.00,85.82,84.80,33.0,1147.86,163.70,2986,448,754,320,820,163,802,443,690
06.07.15,8122.00,7496.00,8122.00,5942.00,6697.00,8122.00,0.00,86.00,84.16,34.0,1148.52,167.42,3071,449,745,324,859,162,808,444,634
08.07.15,7711.00,7195.00,7711.00,5561.00,6525.00,7711.00,0.00,86.72,85.28,32.8,1112.23,156.71,2937,473,744,300,777,151,760,425,628
10.07.15,7352.00,6808.00,7400.00,4749.00,5190.00,7352.00,0.00,88.57,85.60,31,1061.81,138.68,2609,461,724,284,796,159,708,414,653
09.07.15,7348.00,6781.00,7348.00,4668.00,5531.00,7348.00,0.00,87.57,85.44,28.5,1092.85,157.84,2677,469,648,314,837,155,629,408,644
11.07.15,7590.00,7097.00,7632.00,5237.00,6206.00,7590.00,0.00,89.41,85.76,33.6,1106.94,155.20,2836,503,752,292,704,171,789,462,588
12.07.15,7972.00,7552.00,7972.00,5995.00,6624.00,7972.00,0.00,89.90,85.76,33.4,1106.37,165.41,2986,474,735,318,977,171,809,456,626
13.07.15,7971.00,7336.00,8027.00,6296.00,6956.00,7971.00,0.00,90.00,86.08,35.0,1138.20,162.49,3055,397,724,324,865,171,778,390,632
14.07.15,7925.00,7200.00,7925.00,6457.00,6986.00,7925.00,0.00,90.02,86.28,35.5,1109.38,169.89,2938,396,715,322,807,153,743,450,676
15.07.15,7304.00,6821.00,7461.00,5308.00,5553.00,7304.00,0.00,90.01,86.40,29.6,1098.37,149.95,2495,464,744,299,805,164,752,437,661
16.07.15,7189.00,6682.00,7189.00,5099.00,5324.00,7189.00,0.00,89.98,86.56,30.6,1072.68,143.43,2373,502,639,307,850,162,775,441,633
17.07.15,6762.00,6196.00,6762.00,4159.00,4494.00,6762.00,0.00,90.20,86.72,30.0,997.44,128.11,1979,447,657,292,801,166,738,448,668
18.07.15,6274.00,5743.00,6274.00,4214.00,4453.00,6274.00,0.00,90.94,86.88,28.3,954.52,121.54,1742,469,579,273,798,164,697,415,606
19.07.15,5997.00,5488.00,5997.00,3544.00,3804.00,5997.00,0.00,92.24,87.04,27.2,907.00,107.62,1667,429,557,263,747,163,659,408,595
20.07.15,6293.00,5488.00,6293.00,3725.00,4060.00,6293.00,0.00,93.29,87.20,28.5,926.40,113.30,1667,429,557,263,747,163,659,408,595
21.07.15,6547.00,5952.00,6547.00,3769.00,4594.00,6547.00,0.00,94.11,87.36,30.7,974.95,118.96,1839,440,639,309,815,150,705,414,641
22.07.15,6525.00,6032.00,6525.00,4303.00,4720.00,6525.00,0.00,94.67,87.52,31,993.41,124.45,1926,457,641,285,825,161,701,415,621
23.07.15,6782.00,6289.00,6782.00,4378.00,5220.00,6782.00,0.00,95.01,87.18,32.7,991.89,130.13,2141,452,682,294,807,167,703,433,610
24.07.15,6508.00,5973.00,6508.00,4342.00,4676.00,6512.00,0.00,95.38,87.84,30,934.08,124.45,2029,460,599,281,734,170,680,434,586
25.07.15,7031.00,6502.00,7031.00,4118.00,5164.00,7030.00,0.00,95.38,87.84,30.1,995.74,128.47,2288,468,597,308,876,170,752,446,597
26.07.15,6238.00,5812.00,6238.00,4318.00,5098.00,6225.00,0.00,98.07,88.16,31.6,969.80,124.24,2181,481,480,325,639,124,737,458,387
27.07.15,6737.00,6216.00,6737.00,4155.00,5076.00,6737.00,0.00,99.95,88.32,27.9,1020.93,124.86,2322,464,566,316,738,115,766,451,478
28.07.15,6966.00,6459.00,6966.00,4448.00,5619.00,6966.00,0.00,101.35,88.49,33.2,1079.84,135.79,2401,454,596,325,727,132,765,455,604
30.07.15,7028.00,6503.00,7028.00,5102.00,5545.00,7028.00,0.00,102.66,88.83,33.7,1042.35,141.72,2694,439,374,275,813,141,781,432,554
31.07.15,5978.00,5435.00,6056.00,3649.00,4079.00,5978.00,0.00,103.63,89.00,26.5,896.46,112.95,2082,275,467,273,731,145,542,336,584
01.08.15,6066.00,5581.00,6066.00,3888.00,4512.00,6066.00,0.00,104.91,89.32,29.5,959.09,114.09,2233,258,594,291,724,146,444,370,521
02.08.15,7414.00,6804.00,7414.00,4296.00,5485.00,7414.00,0.00,105.93,89.64,30.3,1083.90,130.50,2601,362,676,321,850,170,726,448,650
03.08.15,7429.00,6811.00,7429.00,5095.00,6250.00,7429.00,0.00,106.30,89.96,32.4,1130.75,142.66,2745,425,662,317,848,177,569,424,644
05.08.15,7845.00,7241.00,7845.00,5650.00,6467.00,7845.00,0.00,106.46,90.60,34.4,1139.45,159.11,2868,424,716,306,865,169,800,459,634
08.08.15,7943.00,7342.00,7943.00,5673.00,5992.00,7943.00,0.00,106.25,91.24,34.2,1121.72,158.84,2890,403,726,332,873,155,814,461,688
06.08.15,8029.00,7436.00,8029.00,5841.00,6666.00,8029.00,0.00,106.42,90.92,34.1,1118.43,160.96,2898,458,714,328,876,183,810,465,704
07.08.15,7569.00,6924.00,7569.00,5536.00,5750.00,7569.00,0.00,106.36,91.24,33.4,1095.97,152.47,2633,436,687,325,773,151,780,462,677
09.08.15,8089.00,7512.00,8089.00,5884.00,6277.00,8089.00,0.00,106.25,91.88,34.5,1089.02,163.61,2992,451,714,320,893,185,820,470,667
10.08.15,8017.00,7477.00,8017.00,6063.00,6728.00,8017.00,0.00,106.55,92.20,34.4,1053.28,164.51,3018,449,742,292,874,179,816,448,659
11.08.15,8126.00,7495.00,8126.00,6038.00,6781.00,8126.00,0.00,107.04,92.52,34.7,1084.73,166.58,2981,500,680,316,884,184,826,457,667
12.08.15,8015.00,7433.00,8015.00,6053.00,6661.00,8015.00,0.00,107.25,92.52,33.2,1067.08,164.97,2989,467,702,286,843,181,823,463,679
13.08.15,8177.00,7640.00,8177.00,6261.00,6600.00,8177.00,0.00,107.09,93.16,33.3,1046.58,174.54,2961,677,757,304,923,180,719,448,671
14.08.15,7773.00,7141.00,7773.00,5568.00,5908.00,7773.00,0.00,106.96,93.48,31.2,1023.80,152.53,2652,469,732,301,891,175,792,457,672
15.08.15,7796.00,7203.00,7796.00,5438.00,6068.00,7796.00,0.00,106.85,93.80,33.0,1099.96,153.14,2717,471,705,317,886,167,795,455,690
16.08.15,8031.00,7382.00,8031.00,5552.00,6423.00,8031.00,0.00,106.68,94.12,32.5,1092.43,158.34,2894,484,724,320,877,171,814,429,669
17.08.15,7877.00,7295.00,7877.00,5534.00,6262.00,7877.00,0.00,106.56,94.44,32.7,1099.55,153.64,2892,434,702,297,919,163,806,440,642
18.08.15,7698.00,7112.00,7698.00,5535.00,5968.00,7698.00,0.00,106.49,94.76,32,1070.67,160.52,2767,490,644,288,910,177,806,430,600
19.08.15,7840.00,7114.00,7840.00,5431.00,6237.00,7840.00,0.00,106.73,95.08,32.5,1084.99,153.12,2742,459,703,254,879,178,769,440,690
21.08.15,7215.00,6658.00,7215.00,4458.00,5072.00,7215.00,0.00,108.28,95.72,29.6,948.48,130.30,2584,472,655,270,847,166,734,288,642
22.08.15,7973.00,7338.00,7973.00,5077.00,5902.00,7973.00,0.00,108.16,96.04,33.3,1058.09,149.01,2876,449,740,310,928,170,798,394,673
20.08.15,7436.00,6937.00,7436.00,5257.00,6220.00,7436.00,0.00,107.80,95.40,32.5,1015.20,153.53,2798,432,709,278,734,164,776,392,654
23.08.15,8118.00,7488.00,8118.00,5583.00,6369.00,8118.00,0.00,107.87,96.06,31.6,1096.07,156.83,2949,434,754,316,934,176,819,421,685
24.08.15,7926.00,7281.00,7926.00,5585.00,6622.00,7926.00,0.00,107.65,96.69,33.0,1044.99,160.50,2968,493,741,321,780,70,841,429,638
25.08.15,8008.00,7439.00,8008.00,5784.00,6573.00,8008.00,0.00,107.51,97.02,33.2,1106.56,163.66,2922,479,766,310,952,176,778,405,651
26.08.15,7941.00,7304.00,7941.00,5933.00,6569.00,7941.00,0.00,107.65,97.35,33.1,1061.55,164.11,2863,467,726,316,926,154,786,422,644
27.08.15,7879.00,7338.00,7879.00,5795.00,6462.00,7879.00,0.00,107.61,97.68,33.0,1002.52,164.10,2870,467,712,317,899,163,825,435,650
28.08.15,7551.00,6982.00,7551.00,5301.00,5475.00,7551.00,0.00,107.53,98.01,32.5,1010.17,149.48,2650,503,698,280,876,159,739,430,647
29.08.15,7909.00,7291.00,7909.00,5329.00,6055.00,7909.00,0.00,107.38,98.34,32.1,1059.10,153.92,2824,485,712,309,903,166,814,441,637
30.08.15,7916.00,7373.00,7916.00,5624.00,6496.00,7916.00,0.00,107.29,98.67,31.8,1060.96,158.55,2933,476,659,312,925,180,810,425,653
31.08.15,7574.00,7027.00,7574.00,5316.00,5981.00,7574.00,0.00,107.21,99.00,29.8,1000.61,149.64,2775,456,678,252,871,171,775,406,643
02.09.15,7743.00,7152.00,7743.00,5039.00,6034.00,7743.00,0.00,107.98,99.46,28.5,1087.82,147.82,2772,447,669,305,933,154,816,436,620
03.09.15,7860.00,7326.00,7860.00,5194.00,6161.00,7860.00,0.00,107.84,99.69,30.8,1075.65,152.26,2886,476,715,299,892,166,778,446,668
04.09.15,7350.00,6831.00,7350.00,4847.00,5254.00,7350.00,0.00,107.58,99.92,31.0,1017.74,139.75,2561,478,665,286,854,169,754,424,640
05.09.15,7724.00,7094.00,7724.00,5188.00,6202.00,7724.00,0.00,107.54,100.15,33.4,1076.41,150.14,2746,461,706,267,924,183,776,396,635
06.09.15,7748.00,7193.00,7761.00,5515.00,6556.00,7748.00,0.00,107.46,100.38,33.7,1090.52,154.24,2858,459,679,304,881,169,788,421,634
07.09.15,7879.00,7301.00,7879.00,5820.00,6669.00,7879.00,0.00,107.38,100.68,34.1,1084.31,160.61,2898,482,664,306,971,169,844,433,534
08.09.15,7787.00,7258.00,7787.00,5843.00,6747.00,7787.00,0.00,107.39,100.84,34.1,1069.11,161.59,2932,477,676,300,864,168,800,427,614
09.09.15,7742.00,7171.00,7862.00,5977.00,6878.00,7742.00,0.00,107.39,100.84,34.6,1072.74,168.14,2831,462,719,308,874,159,805,400,613
10.09.15,7910.00,7255.00,7910.00,6222.00,6228.00,7910.00,0.00,107.92,101.30,35.4,1084.36,166.04,2941,445,702,321,886,157,782,453,568
11.09.15,7646.00,7114.00,7646.00,5664.00,5976.00,7646.00,0.00,108.02,101.53,33.7,1041.97,156.09,2752,486,652,314,881,166,783,418,662
12.09.15,7659.00,7001.00,7659.00,5798.00,6411.00,7659.00,0.00,108.14,101.76,34.9,1050.04,158.41,3019,406,667,322,808,155,700,357,567
14.09.15,7894.00,7322.00,7894.00,5983.00,6755.00,7894.00,0.00,108.52,102.22,33.6,1052.98,164.66,3005,448,734,316,874,169,797,379,600
15.09.15,7529.00,6948.00,7686.00,5998.00,6572.00,7529.00,0.00,108.55,102.41,33.2,1028.36,162.56,2836,404,705,252,773,147,778,384,669
16.09.15,7861.00,7210.00,7861.00,6060.00,6964.00,7861.00,0.00,108.45,102.68,33.8,1032.32,165.87,2879,444,725,283,845,160,790,394,690
17.09.15,7850.00,7174.00,7883.00,6393.00,6868.00,7681.00,152.00,108.45,102.68,34.5,1036.20,167.12,3032,430,730,323,758,156,770,370,605
18.09.15,7850.00,7146.00,7803.00,6234.00,6324.00,7256.00,535.00,108.32,103.14,36.5,1009.50,164.69,2710,462,760,335,855,148,840,406,630
19.09.15,7850.00,7215.00,7704.00,5795.00,6373.00,7704.00,131.00,108.18,103.37,28.9,1002.65,159.34,2871,450,746,298,805,110,880,445,610
20.09.15,7494.00,6903.00,7494.00,4998.00,5743.00,7494.00,0.00,108.03,103.60,27.3,973.59,146.79,2688,433,746,326,794,120,755,418,623
21.09.15,7700.00,7094.00,7700.00,4697.00,5893.00,7700.00,0.00,107.88,103.84,30.7,1010.38,146.43,2799,464,718,277,878,169,784,373,632
22.09.15,7553.00,6913.00,7553.00,5029.00,6022.00,7553.00,0.00,107.80,104.08,29.8,1013.33,149.71,2620,444,718,302,880,173,729,404,643
23.09.15,6621.00,6101.00,6621.00,4764.00,5559.00,6621.00,0.00,107.77,104.32,29.5,982.50,148.60,2137,464,650,292,616,168,724,421,629
24.09.15,6654.00,6119.00,6654.00,4073.00,4641.00,6654.00,0.00,108.66,104.56,31.2,932.11,126.09,2034,470,613,299,783,159,728,418,615
25.09.15,6821.00,6321.00,6821.00,4010.00,4347.00,6821.00,0.00,108.84,104.80,34.5,873.60,129.95,2048,516,621,287,846,178,749,414,662
26.09.15,6750.00,6245.00,6750.00,4367.00,4795.00,6750.00,0.00,108.75,104.04,34.7,795.35,126.61,2002,467,633,287,851,170,726,419,690
27.09.15,6827.00,6344.00,6827.00,4391.00,5109.00,6827.00,0.00,108.65,105.28,33.5,877.66,130.63,2026,512,657,300,867,162,724,423,673
28.09.15,7017.00,6529.00,7017.00,4532.00,5384.00,7017.00,0.00,108.57,105.02,33.8,908.00,135.15,2125,497,653,304,883,180,770,439,678
29.09.15,7274.00,6739.00,7274.00,4826.00,5675.00,7274.00,0.00,108.49,105.74,34.6,939.50,144.23,2294,523,655,303,915,168,774,456,651
30.09.15,7675.00,7090.00,7675.00,5223.00,6199.00,7675.00,0.00,108.29,106.00,35.4,962.09,152.88,2527,500,721,312,943,170,796,453,668
01.10.15,7740.00,7098.00,7740.00,5312.00,6305.00,7740.00,0.00,108.11,106.09,35.5,983.87,156.32,2568,473,692,324,942,184,834,394,687
02.10.15,7393.00,6867.00,7393.00,5371.00,5900.00,7393.00,0.00,108.00,106.18,35,1031.51,149.12,2523,503,683,309,836,162,793,361,697
03.10.15,7817.00,7226.00,7817.00,5354.00,6248.00,7817.00,0.00,107.93,106.27,32.5,1009.24,156.89,2738,478,676,323,839,176,828,454,714
04.10.15,7883.00,7348.00,7883.00,5491.00,6581.00,7883.00,0.00,107.87,106.36,34.3,1006.54,160.61,2800,474,639,324,939,174,832,453,713
05.10.15,8031.00,7182.00,8031.00,5712.00,6580.00,7614.00,0.00,107.73,106.45,35.2,1014.17,162.33,2584,501,696,328,958,179,822,441,673
06.10.15,8162.00,7182.00,8162.00,5621.00,6535.00,8162.00,0.00,107.62,106.54,33.8,1035.20,163.23,2584,501,696,328,958,179,822,441,673
07.10.15,8048.00,7453.00,8048.00,5614.00,6643.00,8048.00,0.00,107.52,106.63,33.5,1029.34,168.98,2903,497,737,291,947,155,833,467,623
10.10.15,7901.00,7343.00,7901.00,4945.00,6036.00,7901.00,0.00,108.98,106.90,33.1,954.93,151.97,2808,483,696,296,944,170,853,459,634
08.10.15,7742.00,7118.00,7742.00,5466.00,6348.00,7742.00,0.00,107.78,106.63,28.4,991.40,154.90,2771,471,647,306,921,143,818,444,597
09.10.15,7635.00,7079.00,7635.00,4751.00,5605.00,7635.00,0.00,107.78,106.81,32.4,942.26,142.88,2580,497,664,293,916,173,837,456,663
11.10.15,8002.00,7424.00,8002.00,5220.00,6429.00,8002.00,0.00,108.75,107.00,32,1024.30,153.47,2864,474,715,302,958,184,842,439,646
12.10.15,7680.00,7011.00,7680.00,5206.00,6407.00,7680.00,0.00,108.76,107.10,30.2,1031.18,152.40,2704,485,688,314,874,142,790,431,583
13.10.15,7390.00,6856.00,7390.00,5033.00,6110.00,7390.00,0.00,108.62,107.20,30.7,1008.98,145.87,2668,381,696,300,845,150,802,420,594
14.10.15,7565.00,6978.00,7565.00,4833.00,6023.00,7565.00,0.00,108.55,107.30,30.6,977.62,142.68,2729,447,707,294,864,153,752,419,613
15.10.15,7610.00,7083.00,7610.00,4862.00,6272.00,7610.00,0.00,108.45,107.40,31.0,952.85,143.82,2812,446,716,290,893,145,727,420,634
16.10.15,7293.00,6744.00,7293.00,4634.00,5384.00,7293.00,0.00,108.29,107.50,32.6,979.71,136.63,2579,473,671,302,828,156,685,379,671
17.10.15,7834.00,7260.00,7834.00,4782.00,5908.00,7834.00,0.00,108.19,107.60,32.4,1038.38,145.55,2819,491,708,310,922,161,769,392,688
18.10.15,7994.00,7440.00,7994.00,5188.00,6493.00,7994.00,0.00,108.08,107.70,33.0,1013.72,156.05,2962,497,714,316,908,163,815,421,644
19.10.15,7728.00,7114.00,7728.00,5185.00,6561.00,7728.00,0.00,107.85,107.80,33.0,987.12,154.67,2882,454,740,298,836,148,783,357,616
20.10.15,7802.00,7246.00,7802.00,5265.00,6608.00,7802.00,0.00,107.69,107.90,32.8,997.14,155.56,2936,433,748,302,829,163,781,404,650
21.10.15,7849.00,7197.00,7849.00,5212.00,6757.00,7849.00,0.00,107.48,108.00,32.6,1023.85,156.70,2886,460,708,307,866,158,807,366,639
22.10.15,7892.00,7272.00,7892.00,5263.00,6370.00,7892.00,0.00,107.27,108.10,32.5,1005.11,162.33,2866,474,716,312,905,161,774,403,661
23.10.15,7254.00,6659.00,7254.00,4822.00,5224.00,7254.00,0.00,107.01,108.20,32.7,974.65,138.35,2486,461,687,277,802,160,737,382,667
24.10.15,7348.00,6779.00,7348.00,4558.00,5617.00,7348.00,0.00,106.80,108.30,32.8,1060.78,137.55,2609,451,737,280,821,141,698,364,678
25.10.15,7661.00,7048.00,7661.00,4691.00,6298.00,7661.00,0.00,106.67,108.40,32.4,1031.57,143.31,2804,459,821,264,803,147,715,396,639
26.10.15,7591.00,6992.00,7591.00,4812.00,6006.00,7591.00,0.00,106.36,108.50,32.3,1024.90,142.86,2853,416,820,307,765,137,727,357,610
27.10.15,7603.00,6997.00,7603.00,4763.00,6106.00,7603.00,0.00,106.09,108.60,32,1029.98,146.33,2846,442,756,297,815,152,744,385,560
28.10.15,7610.00,7014.00,7610.00,4811.00,6122.00,7610.00,0.00,105.86,108.70,31.4,1015.34,141.62,2765,447,794,298,806,150,739,389,626
29.10.15,7485.00,6883.00,7485.00,4872.00,6056.00,7485.00,0.00,105.57,108.80,32.0,1013.50,141.72,2825,392,804,307,786,151,680,352,586
30.10.15,6921.00,6332.00,6921.00,4518.00,4960.00,6921.00,0.00,105.35,108.90,31.1,1022.59,127.20,2444,460,626,287,753,139,678,374,571
31.10.15,7264.00,6669.00,7264.00,4484.00,5297.00,7264.00,0.00,105.14,109.00,30.4,992.57,129.73,2677,421,698,294,817,136,671,394,561
01.11.15,7142.00,6710.00,7142.00,4541.00,5764.00,7142.00,0.00,104.92,108.90,29.3,1000.72,134.25,2620,436,753,278,801,145,696,385,596
02.11.15,7462.00,6934.00,7462.00,4340.00,5657.00,7462.00,0.00,104.76,108.80,30.0,1010.20,131.10,2712,432,794,291,817,147,715,394,632
03.11.15,7379.00,6809.00,7379.00,4463.00,5835.00,7379.00,0.00,104.55,108.70,31.4,1019.97,135.16,2674,453,778,283,818,148,696,350,609
04.11.15,7212.00,6695.00,7212.00,4715.00,6084.00,7212.00,0.00,104.37,108.60,32.9,995.15,139.20,2700,451,787,276,807,143,672,324,535
05.11.15,7228.00,6524.00,7228.00,4702.00,6009.00,7228.00,0.00,104.22,108.50,31.2,1009.23,139.58,2558,421,727,271,782,142,683,361,579
06.11.15,6755.00,6223.00,6755.00,4314.00,4663.00,6755.00,0.00,104.02,108.40,32,963.86,122.58,2381,425,643,264,729,143,651,366,621
07.11.15,7305.00,6766.00,7305.00,4280.00,5254.00,7305.00,0.00,103.83,108.30,31.5,1027.63,127.37,2734,438,722,265,758,145,695,383,626
08.11.15,7101.00,6563.00,7101.00,4365.00,5692.00,7101.00,0.00,103.69,108.20,31.2,1002.55,130.14,2719,403,727,262,743,129,665,346,569
11.11.15,7302.00,6805.00,7302.00,4272.00,5473.00,7302.00,0.00,103.41,107.90,30.6,987.11,128.40,2735,430,734,254,799,145,692,392,624
12.11.15,7246.00,6717.00,7246.00,4265.00,5558.00,7246.00,0.00,103.25,107.80,31.0,1001.82,130.92,2667,431,798,269,775,143,670,374,590
13.11.15,6470.00,5902.00,6470.00,4012.00,4327.00,6470.00,0.00,103.15,107.70,30.5,923.04,113.46,2198,413,645,267,698,136,617,360,568
14.11.15,6968.00,6467.00,6968.00,3903.00,5065.00,6968.00,0.00,103.07,107.60,30.6,959.57,121.64,2595,391,702,259,760,147,641,403,569
15.11.15,7349.00,6732.00,7349.00,4308.00,5513.00,7349.00,0.00,103.00,107.50,29.3,968.54,127.83,2637,430,758,261,817,143,683,389,614
16.11.15,7263.00,6771.00,7263.00,4234.00,5458.00,7263.00,0.00,102.88,107.40,30.5,1007.36,128.33,2693,419,817,260,793,138,693,386,572
17.11.15,7096.00,6582.00,7096.00,4231.00,5242.00,7096.00,0.00,102.77,107.30,28.5,997.49,127.27,2521,418,776,257,763,152,689,392,614
18.11.15,7072.00,6511.00,7072.00,4070.00,5293.00,7072.00,0.00,102.77,107.30,28.5,957.14,125.36,2570,406,779,253,773,133,657,385,555
19.11.15,7029.00,6510.00,7029.00,4055.00,5138.00,7029.00,0.00,102.70,107.10,29.5,949.60,123.69,2586,422,750,244,763,137,656,376,576
20.11.15,6312.00,5758.00,6312.00,3921.00,4210.00,6312.00,0.00,102.53,107.00,31.6,884.32,109.25,2122,387,640,243,705,128,616,364,553
21.11.15,7042.00,6532.00,7042.00,3761.00,4960.00,7042.00,0.00,102.45,106.90,31.8,965.03,119.44,2561,420,804,268,760,138,655,389,537
22.11.15,7010.00,6438.00,7010.00,4056.00,5276.00,7010.00,0.00,102.35,106.50,31.4,975.49,122.86,2555,390,725,251,760,140,652,386,579
23.11.15,7030.00,6450.00,7030.00,4001.00,5279.00,7030.00,0.00,102.26,106.70,30.2,950.48,125.01,2537,396,750,258,774,130,662,386,557
24.11.15,6934.00,6457.00,6934.00,4013.00,5275.00,6934.00,0.00,102.18,106.60,30.0,925.81,122.90,2505,391,821,253,762,136,668,378,543
25.11.15,6915.00,6373.00,6915.00,3895.00,5158.00,6915.00,0.00,102.06,106.50,29,923.13,122.49,2522,405,822,241,731,123,608,355,566
26.11.15,6871.00,6391.00,6871.00,4000.00,5133.00,6871.00,0.00,101.96,106.40,28.5,932.41,121.36,2498,406,747,249,749,141,664,383,554
27.11.15,6053.00,5593.00,6053.00,3829.00,4165.00,6053.00,0.00,101.87,106.30,27.6,869.49,106.44,2005,398,639,241,697,128,607,363,515
28.11.15,6736.00,6218.00,6736.00,3558.00,4671.00,6736.00,0.00,101.75,106.20,28.6,922.41,114.31,2450,403,674,247,764,138,647,362,533
29.11.15,6911.00,6352.00,6911.00,3860.00,5290.00,6911.00,0.00,101.64,106.10,29.8,970.42,120.61,2492,408,706,237,762,141,655,397,554
01.12.15,6886.00,6361.00,6886.00,3842.00,5224.00,6886.00,0.00,101.59,105.91,30.3,920.06,121.40,2477,390,724,249,786,142,662,377,554
05.12.15,6602.00,6148.00,6602.00,3659.00,4554.00,6602.00,0.00,100.99,105.55,29.3,897.85,113.39,2361,395,640,241,767,142,652,387,563
06.12.15,6746.00,6178.00,6746.00,3786.00,4900.00,6746.00,0.00,100.87,105.46,27.4,901.31,113.77,2379,400,657,236,772,139,657,388,550
07.12.15,6759.00,6256.00,6759.00,3806.00,5008.00,6759.00,0.00,100.75,105.37,25.8,888.17,118.02,2399,406,696,251,765,137,662,397,543
02.12.15,6925.00,6431.00,6925.00,3918.00,5248.00,6925.00,0.00,101.32,105.82,28.0,899.76,120.39,2515,395,736,254,770,135,673,382,571
03.12.15,6804.00,6249.00,6804.00,3940.00,5081.00,6804.00,0.00,101.20,105.73,29.2,865.74,120.46,2409,411,700,249,773,147,656,382,522
04.12.15,6073.00,5604.00,6076.00,3741.00,4129.00,6076.00,0.00,101.11,105.64,27.5,824.43,105.05,2051,387,627,233,696,127,601,354,528
08.12.15,6687.00,6265.00,6687.00,3817.00,5079.00,6687.00,0.00,100.63,105.28,26.4,915.93,118.72,2431,416,684,242,745,136,661,391,559
09.12.15,6730.00,6040.00,6730.00,3816.00,4938.00,6730.00,0.00,100.51,105.19,27.7,921.12,116.47,2181,400,708,241,773,139,667,385,546
10.12.15,6724.00,6239.00,6724.00,3726.00,4990.00,6724.00,0.00,100.51,105.19,27.4,934.45,118.87,2396,411,691,239,778,132,644,393,555
11.12.15,6003.00,5532.00,6003.00,3651.00,4161.00,6003.00,0.00,100.39,105.00,26.7,885.59,106.02,1995,394,588,228,698,130,604,362,533
12.12.15,6713.00,6107.00,6713.00,3533.00,4723.00,6713.00,0.00,100.20,104.90,27.5,974.99,113.85,2298,422,674,238,766,138,644,381,546
13.12.15,6706.00,6053.00,6706.00,3734.00,5158.00,6706.00,0.00,100.12,104.80,27.6,975.08,118.09,2284,410,655,237,771,136,638,373,549
14.12.15,6749.00,6245.00,6749.00,3763.00,5007.00,6749.00,0.00,100.07,104.70,24.8,922.80,118.57,2400,418,705,237,770,130,664,385,536
15.12.15,6736.00,6163.00,6736.00,3730.00,4768.00,6736.00,0.00,100.01,104.60,24.2,867.03,115.85,2247,418,675,246,785,140,674,392,586
16.12.15,5821.00,5321.00,5821.00,3498.00,3895.00,5821.00,0.00,99.97,104.50,24.5,849.42,102.60,1721,398,582,222,728,126,615,375,554
17.12.15,6444.00,5919.00,6444.00,3235.00,4430.00,6444.00,0.00,99.92,104.40,24.4,937.69,107.17,2102,406,659,251,781,139,627,390,564
18.12.15,5831.00,5370.00,5831.00,3410.00,3770.00,5831.00,0.00,99.86,104.30,22.2,837.54,100.31,1869,405,544,227,703,127,607,374,514
19.12.15,6493.00,5979.00,6493.00,3303.00,4596.00,6493.00,0.00,99.81,104.20,23.6,896.09,109.94,2192,415,617,251,767,139,654,388,556
20.12.15,6424.00,5963.00,6424.00,3487.00,4763.00,6424.00,0.00,99.79,104.10,24.0,907.30,111.14,2184,414,636,251,759,141,652,387,539
21.12.15,6560.00,6026.00,6560.00,3528.00,4763.00,6560.00,0.00,99.73,104.00,24.0,913.19,112.99,2230,418,649,246,764,138,644,392,545
22.12.15,6576.00,6027.00,6576.00,3546.00,4866.00,6576.00,0.00,99.69,103.90,25.5,923.09,114.21,2204,384,671,249,778,118,676,387,560
23.12.15,6558.00,6053.00,6558.00,3582.00,4783.00,6558.00,0.00,99.64,103.80,25.5,908.42,112.87,2246,388,661,248,769,134,675,390,542
24.12.15,6548.00,5999.00,6548.00,3607.00,4954.00,6548.00,0.00,99.61,103.70,25.5,904.92,114.18,2260,426,650,236,764,130,638,380,515
24.12.15,6548.00,5999.00,6548.00,3607.00,4954.00,6548.00,0.00,99.61,103.70,25.5,904.92,114.18,2260,426,650,236,764,130,638,380,515
24.12.15,6548.00,5999.00,6548.00,3607.00,4954.00,6548.00,0.00,99.61,103.70,25.5,904.92,114.18,2260,426,650,236,764,130,638,380,515
27.12.15,6667.00,6114.00,6667.00,3309.00,4777.00,6667.00,0.00,99.44,103.40,25.2,906.76,113.33,2309,424,646,244,771,132,659,392,537
28.12.15,6636.00,6093.00,6636.00,3574.00,4970.00,6636.00,0.00,99.37,103.30,25.4,911.02,114.57,2280,415,642,241,785,142,671,394,523
29.12.15,6656.00,6202.00,6656.00,3538.00,4960.00,6656.00,0.00,99.32,103.20,26.0,904.44,115.42,2315,419,700,247,774,131,673,398,545
30.12.15,6557.00,6035.00,6557.00,3543.00,4964.00,6557.00,0.00,99.27,103.10,25.8,891.91,111.55,2270,404,643,243,749,135,646,397,548
31.12.15,6553.00,6078.00,6553.00,3451.00,5039.00,6553.00,0.00,99.20,103.00,26.4,879.39,115.33,2281,412,653,240,787,139,642,389,535
01.01.15,5891.00,5401.00,5891.00,3590.00,4275.00,5891.00,0.00,99.16,102.81,27.6,839.82,104.07,1836,404,572,235,713,129,617,368,527
02.01.15,6538.00,6098.00,6538.00,3399.00,4742.00,6538.00,0.00,99.14,102.62,27.0,902.62,111.69,2249,422,631,251,782,140,674,400,549
03.01.16,6635.00,6133.00,6635.00,3586.00,4944.00,6635.00,0.00,99.10,102.43,25.8,880.89,115.93,2316,413,642,244,791,139,656,385,547
04.01.16,6694.00,6095.00,6694.00,3647.00,4934.00,6694.00,0.00,99.05,102.24,26.5,863.28,116.21,2331,415,646,242,719,138,679,385,540
05.01.16,6672.00,6181.00,6672.00,3716.00,4938.00,6672.00,0.00,99.01,102.05,25.8,871.71,116.31,2279,418,697,251,770,139,674,398,555
06.01.15,6707.00,6210.00,6707.00,3732.00,5015.00,6707.00,0.00,98.95,101.86,26.0,845.68,117.48,2338,435,642,244,770,137,694,395,555
07.01.16,6754.00,6275.00,6754.00,3649.00,4894.00,6754.00,0.00,98.89,101.67,26.0,882.40,118.21,2353,444,660,245,807,125,691,390,560
08.01.16,6157.00,5705.00,6157.00,3779.00,4370.00,6157.00,0.00,98.83,101.48,26.8,841.97,108.33,2023,428,591,239,729,134,641,382,538
09.01.15,6775.00,6273.00,6775.00,3512.00,4792.00,6775.00,0.00,98.76,101.29,25.2,902.26,114.57,2289,455,669,252,809,147,685,402,565
11.01.16,6766.00,6234.00,6766.00,3685.00,5037.00,6766.00,0.00,98.65,100.91,25.1,888.16,116.81,2322,433,647,251,793,140,703,401,544
12.01.16,6778.00,6298.00,6778.00,3722.00,5153.00,6778.00,0.00,98.60,100.72,24.5,915.29,120.02,2321,444,630,255,812,138,728,409,561
13.01.16,6883.00,6302.00,6883.00,3766.00,5230.00,6883.00,0.00,98.56,100.53,24.1,922.87,120.82,2298,438,638,250,823,139,738,406,572
14.01.16,6794.00,6305.00,6794.00,3869.00,5386.00,6794.00,0.00,98.52,100.34,25.4,931.31,128.41,2347,417,697,244,790,141,702,399,568
16.01.16,6311.00,9602.00,6884.00,3593.00,5064.00,6884.00,0.00,98.44,99.96,26.6,937.14,109.24,684,240,705,132,677,398,549,5768,449
15.01.16,6311.00,5768.00,6311.00,3859.00,4595.00,6311.00,0.00,98.48,100.15,26.0,890.25,109.24,1934,449,684,240,705,132,677,398,549
17.01.16,6983.00,6489.00,6983.00,3871.00,5200.00,6983.00,0.00,98.39,99.77,25.4,943.84,130.37,2240,469,879,241,805,140,751,412,552
18.01.16,6946.00,6425.00,6946.00,3902.00,5316.00,6946.00,0.00,98.33,99.58,25.7,929.17,124.47,2364,448,770,247,731,126,768,422,549
19.01.16,6937.00,6437.00,6937.00,3917.00,5440.00,6937.00,0.00,98.25,99.39,25.4,879.63,126.82,2362,420,865,252,753,137,688,429,531
20.01.16,6484.00,5954.00,6484.00,3305.00,5121.00,6484.00,0.00,98.19,99.20,22.8,846.72,116.01,2005,409,831,190,729,113,711,415,551
21.01.16,6840.00,6343.00,6840.00,3725.00,5338.00,6840.00,0.00,98.11,99.00,22.7,878.56,122.71,2289,435,784,239,753,120,729,420,574
22.01.16,6242.00,5762.00,6242.00,3891.00,4763.00,6242.00,0.00,98.05,98.80,20,893.58,110.67,1919,459,651,226,740,134,678,416,539
23.01.16,6939.00,6340.00,6939.00,3594.00,5305.00,6939.00,0.00,98.02,98.60,20.8,958.54,120.48,2229,448,724,246,806,130,758,424,575
24.01.16,6954.00,6298.00,6954.00,3883.00,5669.00,6954.00,0.00,97.96,98.40,22.0,901.85,124.78,2248,423,722,251,795,127,756,423,553
25.01.16,7080.00,6579.00,7080.00,3801.00,5611.00,7080.00,0.00,97.89,98.20,23.1,848.69,121.45,2294,465,855,253,801,138,763,447,563
26.01.16,6796.00,6300.00,6796.00,3993.00,5562.00,6796.00,0.00,97.77,98.00,22.1,854.53,125.27,2177,447,730,252,766,136,769,447,576
27.01.16,6870.00,6304.00,6870.00,3993.00,5514.00,6870.00,0.00,97.71,97.80,25.0,861.60,126.87,2236,440,715,241,780,140,755,439,558
28.01.16,7065.00,6429.00,7065.00,3855.00,5671.00,7065.00,0.00,97.65,97.60,25.8,857.46,128.01,2294,445,749,247,794,142,771,449,538
29.01.16,6454.00,5939.00,6454.00,4091.00,4968.00,6454.00,0.00,97.57,97.40,25.2,829.17,116.78,1961,432,754,240,739,138,717,413,545
29.01.16,6454.00,5939.00,6454.00,4091.00,4968.00,6454.00,0.00,97.57,97.40,25.2,829.17,116.78,1961,432,754,240,739,138,717,413,545
31.01.16,7052.00,6503.00,7052.00,3970.00,5766.00,7052.00,0.00,97.38,97.00,26.0,896.61,129.31,2236,426,843,247,826,147,758,451,569
01.02.16,7024.00,6363.00,7024.00,4007.00,5837.00,7024.00,0.00,97.29,96.86,28.0,870.14,129.44,2322,405,689,243,806,138,732,443,585
02.02.16,7042.00,6453.00,7042.00,4039.00,5813.00,7042.00,0.00,97.19,96.72,28.6,850.85,132.87,2335,409,771,246,791,134,759,448,560
03.02.16,7041.00,6439.00,7041.00,4160.00,5901.00,7041.00,0.00,97.11,96.58,27.8,898.71,124.89,2374,420,710,244,807,126,741,450,567
04.02.16,6881.00,6408.00,6881.00,4114.00,5662.00,6881.00,0.00,97.00,96.44,26.6,886.34,129.35,2371,431,644,248,804,136,754,447,573
05.02.16,6300.00,5811.00,6300.00,4053.00,4836.00,6300.00,0.00,96.93,96.30,26.7,844.94,114.63,1931,469,587,235,742,140,707,439,561
06.02.16,7074.00,6520.00,7074.00,3727.00,5338.00,7074.00,0.00,96.86,96.16,26.8,859.44,123.70,2310,488,658,253,817,147,802,460,585
07.02.16,7127.00,6627.00,7127.00,4101.00,5755.00,7127.00,0.00,96.81,96.02,28.4,898.56,128.57,2369,456,755,246,825,144,780,453,599
08.02.16,7155.00,6621.00,7155.00,4079.00,5692.00,7155.00,0.00,96.71,95.88,29.1,871.77,129.51,2415,441,725,256,822,145,792,447,578
09.02.16,7214.00,6742.00,7214.00,3820.00,5868.00,7214.00,0.00,96.65,95.74,27.5,902.29,130.45,2423,461,861,248,778,142,776,448,605
09.02.16,7214.00,6742.00,7214.00,3820.00,5868.00,7214.00,0.00,96.65,95.74,27.5,902.29,130.45,2423,461,861,248,778,142,776,448,605
11.02.16,7153.00,6478.00,7153.00,4192.00,5885.00,7101.00,0.00,96.45,95.46,27.9,918.10,134.60,2439,423,688,249,814,144,769,407,545
12.02.16,6584.00,6132.00,6584.00,3746.00,4745.00,6584.00,0.00,96.39,95.32,29.5,891.71,117.76,2116,473,693,238,752,131,737,436,556
13.02.16,7160.00,6642.00,7160.00,3976.00,5679.00,7160.00,0.00,96.36,95.18,29.0,943.89,129.06,2425,466,785,239,796,147,780,453,551
14.02.16,7314.00,6700.00,7314.00,4323.00,6001.00,7314.00,0.00,96.30,95.04,28.6,941.74,148.81,2480,438,743,250,811,152,788,447,591
15.02.16,7525.00,6962.00,7525.00,4423.00,6040.00,7525.00,0.00,96.23,94.90,30.6,958.51,138.64,2622,449,783,254,848,150,815,452,589
16.02.16,7521.00,7020.00,7521.00,4583.00,6333.00,7521.00,0.00,96.17,94.76,31.5,943.36,142.17,2650,463,791,255,835,154,802,457,613
17.02.16,7448.00,6903.00,7448.00,4653.00,5938.00,7448.00,0.00,96.10,94.62,31.0,938.00,139.81,2575,430,790,260,850,147,783,445,623
18.02.16,7474.00,7004.00,7474.00,4784.00,6342.00,7474.00,0.00,96.03,94.48,31.0,920.78,143.08,2693,432,791,257,840,127,802,442,620
19.02.16,7055.00,6523.00,7055.00,4872.00,5410.00,7055.00,0.00,95.84,94.34,33.6,914.55,132.83,2331,444,737,256,802,142,767,426,618
20.02.16,7497.00,6937.00,7497.00,4734.00,5748.00,7497.00,0.00,95.71,94.20,34.0,939.47,141.27,2647,461,772,284,758,137,818,423,637
21.02.16,0.00,6592.00,7130.00,5099.00,5524.00,7130.00,0.00,95.41,94.05,34.0,952.43,138.65,2322,446,734,275,856,132,820,405,602
22.02.16,7679.00,7161.00,7679.00,5095.00,6192.00,7679.00,0.00,95.04,93.90,31.4,996.04,145.63,2763,441,794,262,861,140,810,462,628
23.02.16,7628.00,7109.00,7628.00,5136.00,6689.00,7628.00,0.00,94.83,93.75,31,967.12,149.51,2865,414,803,266,847,153,819,447,495
24.02.16,7147.00,6572.00,7147.00,4554.00,5656.00,7147.00,0.00,94.59,93.60,26.4,891.19,132.25,2386,438,822,235,818,104,810,445,514
25.02.16,7475.00,6887.00,7475.00,4093.00,6076.00,7475.00,0.00,94.51,93.45,30.4,945.57,134.02,2670,447,733,243,802,124,811,463,594
26.02.16,7010.00,6442.00,7010.00,4771.00,5071.00,6769.00,0.00,94.29,93.30,31.2,926.66,129.20,2308,447,746,250,761,135,773,459,563
27.02.16,7614.00,7116.00,7614.00,4650.00,5915.00,7614.00,0.00,94.05,93.15,31.2,921.26,141.41,2688,457,830,257,833,138,808,452,653
28.02.16,7617.00,7051.00,7617.00,5036.00,6597.00,7617.00,0.00,93.76,93.08,31.3,924.64,145.80,2685,447,797,262,820,147,825,446,622
29.02.16,7729.00,7179.00,7729.00,5125.00,6469.00,7729.00,0.00,93.66,93.00,31.9,920.73,148.46,2811,451,831,258,817,151,798,453,609
01.03.16,7881.00,7377.00,7881.00,5103.00,6771.00,7881.00,0.00,93.38,92.84,32.1,906.29,150.45,2783,477,951,257,834,123,841,477,634
02.03.16,7784.00,7279.00,7784.00,5127.00,6683.00,7784.00,0.00,93.11,92.68,32.4,914.73,150.15,2687,449,915,267,871,144,845,470,631
03.03.16,7775.00,7214.00,7775.00,5212.00,6668.00,7775.00,0.00,92.11,92.52,33.0,911.97,152.16,2816,406,762,272,888,143,836,460,631
04.03.16,7413.00,6860.00,7413.00,5149.00,5485.00,7413.00,0.00,92.69,92.36,33.5,943.88,139.42,2516,463,790,267,779,137,821,462,625
05.03.16,8002.00,7397.00,8002.00,5125.00,6127.00,8002.00,0.00,92.48,92.20,33.4,954.77,148.26,2883,453,840,275,837,145,860,442,662
06.03.16,5946.00,5574.00,7130.00,3615.00,6968.00,5946.00,0.00,92.32,92.04,33.6,851.60,142.65,2429,323,829,251,446,89,296,325,586
07.03.16,7485.00,6965.00,7485.00,4352.00,6151.00,7485.00,0.00,92.08,91.88,33.0,940.45,137.98,2619,455,828,266,837,145,786,476,553
08.03.16,7957.00,7388.00,7957.00,5315.00,6605.00,7957.00,0.00,91.84,91.72,32.7,938.98,154.45,2796,465,884,276,857,149,859,458,644
09.03.16,7953.00,7371.00,7953.00,5630.00,6534.00,7953.00,0.00,91.60,91.56,34.5,935.14,159.37,3054,426,861,295,849,149,789,330,618
10.03.16,7942.00,7353.00,7942.00,6104.00,7176.00,7942.00,0.00,91.36,91.40,34.4,919.85,165.31,3025,422,844,272,827,144,765,462,592
11.03.16,7777.00,7227.00,7777.00,5819.00,6038.00,7777.00,0.00,91.04,91.24,34.5,926.42,156.42,2642,475,824,286,820,152,869,480,679
12.03.16,7995.00,7394.00,7995.00,6122.00,6699.00,7995.00,0.00,90.48,91.08,34.2,936.04,163.29,2932,463,843,277,827,139,849,424,640
13.03.16,7781.00,7210.00,7781.00,6342.00,6476.00,7781.00,202.00,89.95,90.02,31.2,923.16,163.47,2874,420,767,280,842,136,825,413,653
14.03.16,7865.00,7150.00,7865.00,5890.00,6856.00,7865.00,0.00,89.71,90.76,31.6,935.64,160.72,2773,441,848,288,810,156,798,412,624
15.03.16,8000.00,7365.00,7613.00,5747.00,6839.00,7613.00,348.00,89.46,90.60,32.6,928.80,159.81,3000,440,810,285,850,150,820,400,610
16.03.16,8000.00,7367.00,7814.00,5655.00,6707.00,7814.00,167.00,89.12,90.44,32.2,930.26,162.22,2941,460,845,266,865,165,820,390,615
17.03.16,7801.00,7157.00,7801.00,5903.00,6804.00,7801.00,0.00,88.83,90.28,33.5,935.08,160.48,2699,459,794,260,836,151,855,471,632
18.03.16,7588.00,6915.00,7588.00,5493.00,5684.00,7588.00,0.00,88.52,90.12,33.8,898.34,147.56,2588,455,711,268,808,151,830,469,635
19.03.16,7711.00,7144.00,7711.00,4820.00,6611.00,7711.00,0.00,88.17,89.96,31,889.93,148.86,2799,423,881,279,700,143,871,404,644
20.03.16,7711.00,7127.00,7711.00,5599.00,6959.00,7711.00,0.00,87.97,89.80,32.0,913.13,180.60,2849,437,795,266,781,130,863,368,638
21.03.16,7950.00,7367.00,7584.00,5816.00,6905.00,7584.00,329.00,87.68,89.64,34.8,897.97,160.10,2943,465,910,241,910,163,810,410,515
22.03.16,7900.00,7290.00,7634.00,5408.00,6620.00,7626.00,247.00,87.32,89.48,34.2,908.36,171.01,3000,432,790,266,850,167,800,400,585
23.03.16,8025.00,7399.00,8025.00,6221.00,6997.00,8025.00,0.00,86.99,89.32,34.2,953.91,168.21,2938,468,821,274,838,156,802,394,708
24.03.16,8050.00,7471.00,7923.00,5805.00,7048.00,7923.00,118.00,86.62,89.32,34.5,948.45,163.22,2885,452,852,285,826,159,860,492,660
25.03.16,7788.00,7201.00,7788.00,5758.00,6048.00,7788.00,0.00,86.62,89.00,34.6,947.97,154.17,2644,446,821,278,828,149,896,473,666
26.03.16,7825.00,7254.00,7825.00,5819.00,6576.00,7825.00,0.00,86.04,88.84,34.7,987.87,158.79,2575,476,787,299,833,152,921,491,720
27.03.16,8088.00,7543.00,8088.00,6198.00,6979.00,8088.00,0.00,85.83,88.98,33.2,948.91,167.39,2966,505,836,283,830,151,813,449,710
28.03.16,7013.00,6574.00,7054.00,4993.00,5991.00,7013.00,0.00,85.52,88.51,29.2,891.04,146.23,2616,417,567,211,838,142,861,418,504
29.03.16,7005.00,6563.00,7005.00,4610.00,6245.00,7005.00,0.00,85.43,88.34,33.6,893.97,136.40,2254,475,823,272,804,140,893,419,483
30.03.16,7352.00,6810.00,7352.00,4992.00,6675.00,7352.00,0.00,85.51,88.17,33.8,894.51,143.82,2565,371,764,295,795,162,741,469,648
01.04.16,6272.00,5769.00,6272.00,1759.00,3634.00,6272.00,0.00,85.42,87.80,27,840.50,93.30,2081,389,602,246,761,133,633,395,529
02.04.16,7338.00,6811.00,7338.00,4107.00,5335.00,7338.00,0.00,85.38,87.60,28,974.06,127.30,2573,436,745,283,863,144,748,433,586
03.04.16,7249.00,6830.00,7249.00,4733.00,5987.00,7249.00,0.00,85.30,87.40,31.5,927.93,137.70,2543,429,758,245,924,163,693,454,621
04.04.16,7572.00,7052.00,7572.00,4285.00,5867.00,7572.00,0.00,85.24,87.20,33.4,921.81,144.09,2794,453,741,200,891,170,764,429,610
05.04.16,6889.00,6604.00,6889.00,5614.00,6300.00,6889.00,0.00,85.07,87.00,31.2,907.79,149.04,2811,459,800,171,607,152,575,431,598
06.04.16,7879.00,7461.00,7879.00,5152.00,6378.00,7879.00,0.00,84.89,86.80,34.5,1049.58,153.10,3077,467,804,234,702,157,867,489,664
07.04.16,8157.00,7680.00,8157.00,6002.00,6919.00,8157.00,0.00,84.81,86.60,35.2,1022.15,167.03,3078,469,814,238,878,176,868,433,726
08.04.16,8002.00,7443.00,8002.00,5529.00,5803.00,8002.00,0.00,84.62,86.40,36,1050.66,169.56,2924,478,783,286,791,157,865,480,679
09.04.16,8348.00,7730.00,8348.00,6045.00,6651.00,8348.00,0.00,84.38,86.20,34.8,1021.29,170.37,3081,444,802,298,852,149,934,494,676
10.04.16,8280.00,7739.00,8329.00,6563.00,7365.00,8280.00,0.00,84.14,84.00,36,1011.06,177.75,3268,425,781,267,809,123,883,475,708
11.04.16,8350.00,7670.00,8054.00,6539.00,7389.00,7949.00,361.00,83.70,85.80,36.6,1006.45,176.56,2945,485,850,300,915,170,850,455,700
12.04.16,8350.00,7704.00,8099.00,6835.00,7507.00,8099.00,226.00,83.25,85.60,37.0,1007.35,178.72,3205,455,805,304,875,180,760,430,690
13.04.16,8250.00,7552.00,8050.00,6742.00,7479.00,8050.00,180.00,82.70,85.40,36.8,1006.20,175.98,3214,495,770,264,830,167,773,388,651
14.04.16,7736.00,7186.00,7820.00,6196.00,6739.00,7736.00,0.00,82.23,85.20,38,1107.81,168.30,2676,454,711,283,889,171,929,363,710
15.04.16,7976.00,7318.00,7976.00,6064.00,6399.00,7976.00,0.00,82.00,85.00,35.6,1114.22,164.35,2826,478,737,261,852,173,936,369,686
17.04.16,8083.00,7482.00,8083.00,6375.00,7266.00,8083.00,0.00,81.80,84.60,35.4,1013.67,173.24,3205,430,804,190,892,160,837,374,590
18.04.16,8200.00,7524.00,7991.00,6576.00,7203.00,7985.00,197.00,81.62,84.60,33.8,1047.73,169.27,2995,450,845,260,870,161,820,428,695
19.04.16,8250.00,7565.00,7958.00,6548.00,7363.00,7958.00,263.00,81.62,84.20,36.0,1021.33,176.14,3235,435,795,265,875,160,725,400,675
20.04.16,8300.00,7728.00,8059.00,6650.00,7144.00,8022.00,250.00,80.53,84.00,35.9,1038.03,176.05,3202,495,839,247,882,173,803,387,700
21.04.16,8300.00,7618.00,7948.00,6574.00,7328.00,7942.00,322.00,80.15,83.80,35.5,1049.08,175.43,3094,470,881,93,910,175,875,430,690
22.04.16,8040.00,7471.00,8087.00,5959.00,6522.00,8040.00,0.00,79.84,83.60,36.4,1092.23,167.36,2952,450,786,166,884,181,904,445,703
16.04.16,7800.00,7107.00,7588.00,6209.00,6750.00,7586.00,193.00,81.89,84.80,34.6,992.65,167.85,3038,355,780,87,780,150,810,422,685
23.04.16,8200.00,7448.00,7865.00,6516.00,7155.00,7865.00,302.00,79.41,83.40,36.4,1049.02,172.13,3120,445,770,195,865,163,845,420,625
24.04.16,8300.00,7608.00,7668.00,6347.00,7123.00,7522.00,700.00,79.03,83.20,39,1029.48,169.72,3150,445,830,260,900,158,785,420,660
25.04.16,8300.00,7567.00,7599.00,6724.00,6981.00,7531.00,701.00,78.44,83.00,37,1011.02,170.14,3000,442,860,300,890,175,825,400,675
26.04.16,8300.00,7613.00,7406.00,6527.00,6741.00,7344.00,860.00,77.63,82.80,37,1001.71,168.18,3090,445,900,310,870,153,805,410,630
27.04.16,8300.00,7577.00,7573.00,6591.00,6607.00,7573.00,664.00,76.84,82.60,37,1018.24,166.23,3020,410,876,324,890,164,828,407,658
28.04.16,8300.00,7632.00,7990.00,6820.00,6880.00,7990.00,279.00,76.13,82.80,36.5,1059.84,172.63,3067,417,930,310,875,158,810,427,638
29.04.16,8250.00,7637.00,8098.00,6391.00,6904.00,8098.00,137.00,75.71,82.20,37.4,1041.61,172.30,3115,440,900,316,910,156,760,400,640
30.04.16,8400.00,7632.00,7934.00,6658.00,6858.00,7396.00,904.00,75.36,82.20,37,921.76,171.62,2980,400,1000,307,947,168,760,400,670
01.05.16,5603.00,5278.00,7193.00,3493.00,6383.00,5603.00,0.00,74.65,81.81,32.2,838.79,142.06,2399,391,663,200,205,125,358,367,570
02.05.16,6665.00,6228.00,6665.00,3965.00,5930.00,6665.00,0.00,74.07,81.62,33,885.23,129.38,2687,410,514,234,698,89,842,474,280
03.05.16,7800.00,7182.00,7513.00,4832.00,6173.00,7400.00,360.00,73.85,81.43,32.4,851.48,154.18,2820,436,890,320,870,154,742,385,565
04.05.16,7967.00,7438.00,7967.00,4613.00,6325.00,7967.00,0.00,73.03,81.24,33.6,918.22,150.75,2839,471,824,279,959,168,845,388,665
06.05.16,7514.00,6951.00,7514.00,5056.00,5908.00,7514.00,0.00,72.56,80.86,35,1000.23,146.97,2562,482,918,254,866,150,795,415,509
06.05.16,7514.00,6951.00,7514.00,5056.00,5908.00,7514.00,0.00,72.56,80.86,35,1000.23,146.97,2562,482,918,254,866,150,795,415,509
07.05.16,6626.00,6180.00,6626.00,5026.00,6110.00,6626.00,0.00,72.38,80.67,31.6,920.55,139.66,2744,219,906,264,670,146,357,325,549
08.05.16,8271.00,7700.00,8271.00,4438.00,6536.00,8271.00,0.00,72.37,80.48,34,1035.47,149.99,3009,449,969,305,875,173,839,389,692
09.05.16,8026.00,7540.00,8026.00,5968.00,7140.00,8026.00,0.00,72.30,80.29,35.6,998.54,170.57,2946,447,852,321,879,187,856,375,677
10.05.16,8200.00,7587.00,7927.00,6089.00,7154.00,7927.00,246.00,72.07,80.10,35.7,991.57,171.57,3060,460,962,280,875,165,800,315,670
11.05.16,8250.00,7610.00,7940.00,5809.00,7010.00,7940.00,279.00,71.83,79.91,36.4,981.07,166.79,3040,440,940,320,845,150,825,400,650
12.05.16,6479.00,6034.00,7772.00,5891.00,7304.00,6479.00,0.00,71.53,79.72,36.0,907.00,166.25,2012,351,914,253,877,161,679,412,375
13.05.16,0.00,5737.00,6192.00,4012.00,4946.00,6192.00,0.00,71.20,79.53,33.1,811.74,122.25,2251,403,702,208,717,74,625,360,397
14.05.16,7753.00,7136.00,7757.00,4174.00,6145.00,7753.00,0.00,71.03,79.34,34,973.66,139.38,2801,494,884,282,861,164,709,344,597
15.05.16,7692.00,7321.00,7733.00,5622.00,6913.00,7692.00,0.00,70.87,79.15,34.7,982.07,159.16,2778,404,823,251,1067,177,824,374,623
16.05.16,7900.00,7205.00,7678.00,6045.00,6706.00,7678.00,200.00,70.57,78.96,35,949.97,163.85,2910,399,950,243,905,135,633,390,640
17.05.16,7900.00,7263.00,7694.00,6341.00,7003.00,7523.00,339.00,70.20,78.77,35.4,944.22,166.64,3020,435,950,177,831,150,690,370,640
18.05.16,7850.00,7258.00,7688.00,5336.00,6849.00,7688.00,146.00,69.80,78.58,32.8,957.95,149.51,2890,432,855,287,910,158,738,360,628
19.05.16,7850.00,7287.00,7693.00,5334.00,6166.00,7693.00,141.00,69.56,78.39,30.6,936.08,154.75,2980,450,820,269,870,121,759,428,590
20.05.16,7425.00,6791.00,7425.00,4918.00,5505.00,7425.00,0.00,69.43,78.20,28.8,911.51,142.55,2550,464,772,265,801,125,782,444,588
21.05.16,6168.00,5686.00,6168.00,3653.00,4100.00,6168.00,0.00,69.43,78.00,26.2,870.93,113.48,2490,496,326,148,775,62,775,450,164
22.05.16,7434.00,6758.00,7434.00,4410.00,6213.00,7434.00,0.00,69.78,77.80,33.0,994.61,142.53,2600,492,609,281,888,156,704,458,570
23.05.16,7775.00,7231.00,7775.00,4876.00,5581.00,7775.00,0.00,70.34,77.60,35.0,990.27,156.31,2835,498,818,295,874,158,811,366,576
23.05.16,7775.00,7231.00,7775.00,4876.00,5581.00,7775.00,0.00,70.34,77.60,35.0,990.27,156.31,2835,498,818,295,874,158,811,366,576
25.05.16,6205.00,6029.00,7093.00,4188.00,6688.00,6205.00,0.00,72.31,77.20,34.1,921.24,146.53,2459,209,832,236,701,97,548,424,523
26.05.16,7667.00,7060.00,7667.00,4924.00,6535.00,7610.00,0.00,73.93,77.00,34.6,973.09,153.30,2706,417,918,313,696,171,799,462,578
27.04.16,8300.00,7577.00,7573.00,6591.00,6607.00,7573.00,664.00,76.84,82.60,37,1018.24,166.23,3020,410,876,324,890,164,828,407,658
28.05.16,8001.00,7369.00,8001.00,5251.00,6026.00,8001.00,0.00,74.92,76.60,29,1067.55,153.93,2785,462,886,281,884,138,823,463,647
29.05.16,8067.00,7504.00,8067.00,5601.00,7239.00,8067.00,0.00,75.15,76.40,34.2,1021.50,163.72,2946,411,986,310,903,143,789,446,570
30.05.16,8100.00,7384.00,7909.00,5842.00,7112.00,7909.00,172.00,75.32,76.20,35.5,1003.92,168.04,2915,403,1010,304,765,126,761,456,644
31.05.16,7775.00,7283.00,7775.00,6010.00,7083.00,7775.00,0.00,75.36,76.00,34.7,997.81,167.15,2900,461,988,291,831,183,485,465,679
01.06.16,8200.00,7578.00,7982.00,5494.00,6964.00,7982.00,196.00,75.46,76.26,32.8,1016.31,164.74,2904,419,1008,326,899,155,800,409,658
02.06.16,8400.00,7766.00,8236.00,6383.00,7344.00,8236.00,148.00,75.46,76.26,35.4,1029.45,176.56,3143,458,982,293,881,162,837,345,665
03.06.16,8250.00,7617.00,8049.00,6358.00,6742.00,8049.00,181.00,75.72,76.78,36,983.44,172.55,3000,425,840,320,852,150,800,520,710
04.06.16,8400.00,7760.00,8148.00,6429.00,7043.00,8076.00,292.00,75.51,77.04,35,1038.07,182.39,3100,472,980,301,865,149,800,435,658
05.06.16,8482.00,7886.00,8482.00,6605.00,7040.00,8482.00,0.00,75.48,77.30,34.6,1045.30,180.23,3101,458,813,328,976,178,873,493,666
07.06.16,8357.00,7742.00,8357.00,6317.00,7163.00,8357.00,0.00,76.57,77.82,32.9,1043.52,189.28,2893,457,787,310,1003,185,871,502,734
06.06.16,8600.00,7851.00,8420.00,6762.00,7476.00,8367.00,210.00,75.53,77.56,32.5,1044.85,180.47,3110,445,859,317,885,158,910,455,712
08.06.16,8650.00,7881.00,8510.00,5921.00,7199.00,8510.00,126.00,77.68,78.08,34,1081.79,176.31,3215,458,773,311,915,164,880,450,715
09.06.16,8387.00,7722.00,8387.00,6449.00,7189.00,8387.00,0.00,78.15,78.34,31.5,1076.57,177.65,3064,453,731,318,899,173,905,480,699
10.06.16,8402.00,7713.00,8402.00,6077.00,6536.00,8402.00,0.00,78.15,78.60,33,1083.87,170.14,3089,429,757,340,935,151,891,417,704
11.06.16,8226.00,7587.00,8226.00,5066.00,5066.00,8226.00,0.00,78.32,78.87,34.3,1024.85,163.10,2959,471,726,337,950,149,882,459,654
12.06.16,7774.00,7244.00,7774.00,4767.00,6176.00,7774.00,0.00,79.29,79.14,29.5,974.96,151.46,2714,461,741,325,885,139,804,468,707
13.06.16,8285.00,7621.00,8285.00,4884.00,6389.00,8285.00,0.00,81.05,79.41,31.2,1026.31,156.39,2972,481,808,330,892,153,858,458,669
14.06.16,8551.00,7775.00,8551.00,5614.00,6737.00,8551.00,0.00,83.17,79.68,32.6,1054.34,168.39,3165,453,811,327,922,175,886,408,628
15.06.16,8776.00,8067.00,8776.00,6000.00,7014.00,8776.00,0.00,84.14,79.95,32.8,1067.73,175.06,3181,461,844,333,980,187,916,500,665
16.06.16,8711.00,8022.00,8711.00,5973.00,7108.00,8711.00,0.00,84.57,80.22,34.2,1072.36,195.05,3291,422,815,329,960,180,817,501,707
17.06.16,8512.00,8024.00,8512.00,6045.00,6296.00,8512.00,0.00,84.99,80.49,33.7,1079.96,171.76,3080,470,898,332,975,186,866,490,727
18.06.16,8700.00,8092.00,8617.00,6133.00,6684.00,8582.00,106.00,84.22,80.76,34.8,1086.71,177.38,3162,460,915,351,975,151,896,478,704
19.06.16,8671.00,8020.00,8671.00,6547.00,7507.00,8671.00,0.00,85.29,81.03,34.0,1063.47,184.62,3208,457,853,326,946,172,864,464,730
20.06.16,8800.00,8016.00,8679.00,6646.00,7209.00,8679.00,109.00,85.35,81.30,35.3,1072.29,182.47,3190,410,870,339,970,169,883,492,693
21.06.16,8800.00,8186.00,8647.00,6663.00,7377.00,8590.00,189.00,85.16,81.58,34.7,1115.71,185.87,3245,462,908,331,1056,175,867,362,780
22.06.16,8750.00,8039.00,8450.00,6623.00,7330.00,8447.00,273.00,85.08,81.84,34.7,1096.47,182.26,3320,482,885,360,946,176,765,430,675
23.06.16,8738.00,8060.00,8738.00,6699.00,7290.00,8738.00,0.00,84.98,82.11,33.8,1074.51,182.96,3334,339,944,321,902,174,846,442,758
24.06.16,8698.00,7964.00,8698.00,6516.00,6611.00,8698.00,0.00,84.84,82.38,34.6,1076.92,176.16,3097,455,818,355,960,194,904,458,723
26.06.16,8900.00,8202.00,8662.00,6792.00,7889.00,8662.00,214.00,84.96,82.92,32.5,1075.11,188.44,3375,460,915,366,965,168,855,460,638
27.06.16,8900.00,8227.00,8669.00,7203.00,7674.00,8669.00,208.00,85.20,83.19,35,1077.92,188.64,3250,455,942,330,980,175,925,460,710
28.06.16,8900.00,8190.00,8749.00,6982.00,7682.00,8749.00,136.00,85.21,83.46,34.6,1112.31,195.96,3300,460,878,354,965,185,860,468,720
29.06.16,8950.00,8341.00,8968.00,7196.00,7559.00,8950.00,0.00,85.21,83.73,34.8,1088.99,194.46,3354,449,875,345,983,193,887,502,753
29.06.16,8950.00,8341.00,8968.00,7196.00,7559.00,8950.00,0.00,85.21,83.73,34.8,1088.99,194.46,3354,449,875,345,983,193,887,502,753
02.07.16,8327.00,7702.00,8367.00,6356.00,6946.00,8327.00,0.00,87.58,84.32,32.2,1102.91,176.94,2943,437,828,326,983,174,783,448,780
03.07.16,8066.00,7471.00,8080.00,5781.00,6253.00,8066.00,0.00,88.54,84.48,31.3,1060.60,164.44,2796,475,809,338,906,160,829,442,716
04.07.16,7643.00,7121.00,7643.00,4960.00,5560.00,7643.00,0.00,88.93,84.64,30.8,980.09,148.08,2397,527,719,340,950,130,816,487,755
05.07.16,7265.00,6624.00,7265.00,4336.00,4701.00,7265.00,0.00,89.89,84.80,28.5,939.94,134.61,2007,508,733,333,914,167,754,479,729
06.07.16,7241.00,6776.00,7241.00,4237.00,4632.00,7241.00,0.00,90.82,84.96,28.8,924.18,133.45,2083,535,749,326,925,170,811,452,725
07.07.16,7162.00,6566.00,7167.00,4630.00,5351.00,7162.00,0.00,91.96,85.12,33.6,1033.46,135.10,2063,514,642,294,910,176,799,470,698
08.07.16,7339.00,6690.00,7339.00,4908.00,5164.00,7339.00,0.00,93.03,85.28,33.6,983.60,140.80,2037,522,741,294,931,153,797,474,741
09.07.16,7361.00,6604.00,7422.00,5050.00,5271.00,7361.00,0.00,94.18,85.44,33.5,992.62,143.85,2036,505,851,328,917,177,586,458,746
10.07.16,7767.00,7086.00,7767.00,5277.00,5653.00,7767.00,0.00,94.88,85.60,33.0,1008.53,158.39,2266,500,789,346,936,179,863,470,737
11.07.16,8120.00,7543.00,8120.00,5448.00,6213.00,8120.00,0.00,95.49,85.76,33.4,1050.73,157.77,2553,504,930,346,962,181,829,504,734
12.07.16,8197.00,7563.00,8197.00,5695.00,6476.00,8197.00,0.00,95.71,85.92,33.4,1037.68,164.82,2665,499,870,344,982,190,827,467,719
13.07.16,8366.00,7670.00,8366.00,6089.00,6861.00,8366.00,0.00,95.78,86.08,33.5,1060.61,172.08,2831,478,928,338,989,165,854,430,657
14.07.16,8528.00,7932.00,8528.00,6445.00,7276.00,8528.00,0.00,95.77,86.24,34.5,1052.09,178.91,2909,488,927,344,961,161,886,496,760
15.07.16,8319.00,7579.00,8319.00,5906.00,6405.00,8319.00,0.00,95.65,86.40,33.2,1027.32,167.25,2740,510,736,353,955,178,868,498,741
16.07.16,7990.00,7469.00,7990.00,5459.00,6621.00,7990.00,0.00,95.44,86.56,29.5,1036.21,162.03,2799,447,906,321,933,162,773,473,655
17.07.16,8207.00,7756.00,8207.00,5722.00,6712.00,8207.00,0.00,95.34,86.72,32.5,1018.93,165.45,2840,506,941,312,938,177,823,494,725
18.07.16,8479.00,7872.00,8479.00,5132.00,6547.00,8479.00,0.00,95.28,86.88,31.0,1040.86,161.46,2983,497,930,318,971,175,811,487,700
19.07.16,8615.00,7965.00,8615.00,5765.00,6778.00,8615.00,0.00,95.24,87.04,31.5,1065.20,169.11,3007,467,1012,320,949,180,842,483,705
20.07.16,8650.00,7965.00,8477.00,6135.00,7103.00,8477.00,156.00,95.24,87.20,32.0,1071.83,174.71,3029,458,1035,343,945,165,850,435,705
21.07.16,8371.00,7725.00,8371.00,6430.00,7094.00,8371.00,0.00,95.27,87.36,31.9,1008.67,175.77,3042,427,919,338,907,171,823,431,667
22.07.16,7939.00,7414.00,7939.00,5761.00,5816.00,7939.00,0.00,95.25,87.52,30.8,1018.75,168.05,2653,451,930,310,913,157,824,468,708
23.07.16,8259.00,7657.00,8263.00,5911.00,6585.00,8259.00,0.00,95.18,87.68,31.1,978.21,164.05,2866,484,994,315,957,140,835,414,652
24.07.16,8375.00,7787.00,8375.00,6086.00,6829.00,8375.00,0.00,95.09,87.84,32.2,991.66,169.40,2913,452,974,334,914,188,812,494,706
25.07.16,8216.00,7716.00,8216.00,6028.00,6877.00,8216.00,0.00,94.97,88.00,31.8,992.93,167.19,2949,477,909,321,961,143,844,429,683
26.07.16,8400.00,7696.00,8343.00,5518.00,6779.00,8260.00,126.00,94.86,88.16,30.7,1027.33,164.67,2956,452,920,332,887,175,852,437,685
27.07.16,8354.00,7845.00,8402.00,6010.00,6881.00,8354.00,0.00,94.84,88.32,33.5,1082.95,172.41,3012,441,928,355,950,175,858,413,713
28.07.16,8616.00,7944.00,8616.00,6243.00,7443.00,8616.00,0.00,94.84,88.49,33.5,1067.95,179.05,3050,441,947,334,975,183,884,389,741
29.07.16,8277.00,7636.00,8277.00,5956.00,6101.00,8277.00,0.00,94.94,88.66,31.8,1036.25,167.27,2903,424,873,341,954,173,880,395,693
30.07.16,8300.00,7607.00,8035.00,6300.00,7080.00,7984.00,284.00,94.98,88.83,33.5,1059.75,173.72,2779,453,990,334,929,165,850,380,727
22.04.16,8040.00,7471.00,8087.00,5959.00,6522.00,8040.00,0.00,79.84,83.60,36.4,1092.23,167.36,2952,450,786,166,884,181,904,445,703
01.08.16,8472.00,7852.00,8472.00,6272.00,7212.00,8472.00,0.00,95.10,89.32,33.6,1052.78,180.01,3132,456,890,325,1007,152,819,388,683
02.08.16,8414.00,7842.00,8414.00,5960.00,7070.00,8414.00,0.00,95.40,89.64,33.8,1016.52,183.65,3142,452,906,349,933,167,824,433,636
03.08.16,8650.00,8003.00,8477.00,6304.00,7387.00,8477.00,156.00,95.88,89.64,33.8,1033.91,180.50,3180,460,926,308,940,189,850,438,712
04.08.16,8600.00,7802.00,8312.00,6610.00,7384.00,8312.00,259.00,96.06,90.28,35,1015.85,181.27,3037,470,900,370,920,170,835,430,670
05.08.16,8322.00,7588.00,8322.00,5929.00,6225.00,8322.00,0.00,96.15,90.60,33.3,1036.55,168.68,2837,347,934,362,932,173,861,411,731
06.08.16,8438.00,7829.00,8438.00,5993.00,6822.00,8438.00,0.00,96.18,90.92,31.8,1060.88,173.52,3092,472,976,351,895,166,824,402,651
07.08.16,8620.00,7898.00,8501.00,6175.00,7267.00,8501.00,107.00,96.18,91.04,32.6,1049.86,176.88,3085,426,930,356,954,186,889,426,646
08.08.16,8600.00,7669.00,8431.00,6602.00,7277.00,8431.00,152.00,96.18,91.56,33.3,1044.66,187.46,2962,430,955,310,895,164,845,425,683
09.08.16,8350.00,7619.00,8130.00,6519.00,7021.00,8130.00,198.00,95.75,91.88,31.6,1009.14,176.38,3020,425,840,360,885,139,870,410,670
10.08.16,7682.00,7082.00,7682.00,4781.00,5998.00,7682.00,0.00,95.85,92.20,28.8,959.16,149.60,2974,457,779,327,498,156,733,456,702
11.08.16,8165.00,7594.00,8165.00,5336.00,6931.00,8165.00,0.00,95.30,92.52,32.6,995.29,161.25,3034,414,913,345,834,177,827,423,627
12.08.16,8297.00,7637.00,8297.00,5658.00,6210.00,8297.00,0.00,95.40,92.84,33.8,1017.85,163.46,2823,447,910,346,930,176,881,399,725
13.08.16,8550.00,7762.00,8395.00,6466.00,7359.00,8342.00,187.00,95.31,93.16,33.5,1041.54,177.77,2976,465,861,362,926,163,888,418,703
14.08.16,8700.00,8025.00,8418.00,6647.00,7383.00,8418.00,254.00,97.25,93.48,33.4,1067.45,181.95,3115,475,956,370,929,170,870,430,710
15.08.16,8461.00,7758.00,8461.00,6425.00,6935.00,8461.00,0.00,95.16,93.80,34.8,1096.39,178.36,2897,464,812,364,950,172,899,423,777
16.08.16,7727.00,7115.00,7908.00,6346.00,7253.00,7727.00,0.00,95.52,94.12,33.8,1087.55,171.58,2509,334,961,339,937,162,812,333,728
17.08.16,8073.00,7481.00,8073.00,6118.00,6719.00,8073.00,0.00,96.12,94.44,31,1087.55,169.43,3064,457,863,344,735,125,838,360,695
19.08.16,8466.00,7633.00,8466.00,6384.00,6699.00,8466.00,0.00,97.17,95.08,34.8,1087.55,174.55,2914,422,820,331,976,178,816,487,689
20.08.16,8700.00,7942.00,8504.00,6868.00,7248.00,8479.00,199.00,97.19,95.40,33.6,0.00,184.18,3125,450,930,346,975,191,800,450,675
18.08.16,8700.00,7954.00,8572.00,6274.00,7347.00,8501.00,115.00,96.86,94.76,32.6,1087.55,177.22,3100,420,987,312,985,187,830,420,713
21.08.16,6406.00,5939.00,8293.00,5108.00,6737.00,6406.00,0.00,97.24,95.72,29.6,1087.55,160.69,2186,275,900,332,397,76,780,404,589
22.08.16,8700.00,7980.00,8560.00,4923.00,6533.00,8502.00,178.00,98.95,96.04,32.2,1087.55,159.88,3134,420,930,356,920,170,870,480,700
25.08.16,8700.00,7961.00,8142.00,6678.00,7195.00,8003.00,627.00,100.66,97.02,36.1,1087.55,179.71,3310,355,945,206,1040,195,960,590,360
24.08.16,8750.00,7962.00,8369.00,7014.00,7595.00,8364.00,347.00,100.49,96.69,34.6,1087.55,186.29,3030,430,1080,370,875,150,875,442,710
26.08.16,8600.00,7781.00,8477.00,5678.00,6593.00,8271.00,295.00,100.70,93.35,33.2,1087.55,165.18,2900,450,830,356,1020,135,870,470,750
23.08.16,8800.00,8152.00,8680.00,6305.00,7171.00,8680.00,108.00,99.79,96.36,33.2,1087.55,189.11,3118,440,1017,358,1000,161,883,450,725
27.08.16,8800.00,8047.00,8569.00,6462.00,7253.00,8569.00,208.00,100.90,97.68,35.5,1064.39,181.19,3131,460,940,366,1000,180,810,400,760
28.08.16,8800.00,8067.00,8449.00,6615.00,7518.00,8449.00,316.00,101.05,98.01,32.2,1043.78,184.23,3172,460,1020,340,960,170,850,395,700
29.08.16,8950.00,8255.00,8602.00,6824.00,7514.00,8602.00,313.00,101.14,98.34,34.2,1069.32,186.40,3300,440,940,360,950,175,915,440,735
30.08.16,9000.00,8196.00,8719.00,6881.00,7579.00,8700.00,270.00,101.48,98.67,35.3,1071.87,186.87,3250,440,935,340,980,175,895,445,736
31.08.16,8900.00,8225.00,8545.00,6821.00,7542.00,8495.00,365.00,101.69,99.00,33.7,1073.75,184.37,3255,451,1037,345,990,163,851,437,696
01.09.16,8800.00,7954.00,8482.00,6551.00,7339.00,8482.00,286.00,101.78,99.23,33.4,1011.28,182.04,3100,460,920,312,967,175,870,450,700
02.09.16,8500.00,7799.00,8253.00,6117.00,6505.00,8107.00,354.00,102.20,99.46,32.8,991.52,172.68,3040,390,960,320,980,167,855,440,647
03.09.16,8650.00,7961.00,8220.00,6060.00,6735.00,8220.00,387.00,102.72,99.69,32.6,1049.78,173.75,3225,440,950,335,911,90,860,440,710
04.09.16,8700.00,7962.00,8224.00,6606.00,7391.00,8212.00,439.00,103.03,99.92,32.5,1015.93,180.02,3224,440,942,320,960,150,816,440,670
05.09.16,8800.00,8217.00,8409.00,6528.00,7096.00,8409.00,352.00,103.24,100.15,32.5,1044.73,198.23,3280,435,990,325,900,160,865,510,752
06.09.16,8700.00,8221.00,8325.00,6342.00,7111.00,8304.00,356.00,103.28,100.38,31.4,1038.55,179.25,3330,430,985,300,895,160,865,510,746
07.09.16,8900.00,8265.00,8566.00,6695.00,7031.00,8566.00,301.00,103.31,100.61,32.8,1056.44,183.32,3250,435,1080,375,887,163,850,445,780
08.09.16,8890.00,8350.00,8890.00,6664.00,7577.00,8890.00,0.00,103.25,100.84,33.6,1081.55,186.60,3260,384,962,355,956,175,957,516,785
09.09.16,8800.00,8228.00,8653.00,6429.00,6909.00,8653.00,132.00,103.13,101.07,34.4,1043.83,178.70,2978,435,1080,342,1000,191,950,455,797
10.09.16,8450.00,7751.00,8311.00,6496.00,6826.00,8295.00,140.00,103.01,101.30,34.2,1104.98,173.14,2807,423,932,359,975,170,900,465,720
11.09.16,7976.00,7356.00,7976.00,6120.00,6319.00,7976.00,0.00,102.91,101.53,32.8,1123.84,167.00,2488,448,951,349,950,178,802,436,754
12.09.16,7593.00,6924.00,7593.00,5236.00,5399.00,7593.00,0.00,102.83,101.76,32.3,1022.94,148.26,2218,505,785,266,912,156,824,495,763
13.09.16,7345.00,6828.00,7345.00,4317.00,4403.00,7345.00,0.00,102.85,101.99,29.2,978.94,135.70,2151,531,693,340,911,157,835,481,729
14.09.16,7461.00,6832.00,7461.00,5046.00,5348.00,7461.00,0.00,103.09,102.22,32.6,1018.84,144.33,2115,520,783,290,877,173,835,478,761
14.09.16,7461.00,6832.00,7461.00,5046.00,5348.00,7461.00,0.00,103.09,102.22,32.6,1018.84,144.33,2115,520,783,290,877,173,835,478,761
16.09.16,7679.00,7139.00,7716.00,5368.00,5639.00,7716.00,0.00,104.17,102.68,33.8,986.42,161.67,2212,507,894,335,912,164,842,495,778
17.09.16,7965.00,7360.00,7965.00,5916.00,6223.00,7965.00,0.00,105.00,102.91,34.7,1008.92,160.27,2477,457,902,348,968,176,795,463,774
18.09.16,8300.00,7664.00,8082.00,5908.00,6772.00,8082.00,196.00,105.71,103.14,33.0,985.15,166.68,2716,470,1020,340,940,163,820,405,790
19.09.16,8350.00,7802.00,8204.00,6031.00,6747.00,8183.00,150.00,106.21,103.37,29.7,1000.44,171.02,2744,479,957,329,960,170,903,488,772
20.09.16,8400.00,7763.00,8285.00,5196.00,6533.00,8285.00,104.00,106.40,103.60,31.1,954.84,170.79,2860,500,935,330,904,173,830,431,800
21.09.16,8350.00,7848.00,8210.00,6101.00,7024.00,8179.00,154.00,106.64,103.84,31.8,996.23,173.39,2909,506,927,339,1003,169,814,425,756
22.09.16,8550.00,7887.00,8401.00,6094.00,7133.00,8401.00,134.00,106.86,104.08,32.7,1049.55,174.88,3000,478,884,339,950,176,850,448,762
23.09.16,8085.00,7682.00,8085.00,5918.00,6255.00,8215.00,0.00,106.96,104.32,34.0,1048.50,166.97,2814,510,863,335,944,187,821,456,752
24.09.16,8790.00,8093.00,8790.00,6206.00,7007.00,8790.00,0.00,107.12,104.54,32.2,1094.86,176.08,3078,487,969,311,955,188,879,503,723
25.09.16,8484.00,7904.00,8484.00,6374.00,6933.00,8484.00,0.00,107.23,104.80,34.1,1051.94,176.03,3191,410,881,349,932,197,747,380,817
27.09.16,8700.00,7858.00,8700.00,6306.00,7294.00,8700.00,0.00,107.36,105.28,34.4,1056.47,181.04,3084,424,754,358,912,179,896,490,761
28.09.16,8750.00,7963.00,8628.00,6306.00,7209.00,8593.00,141.00,107.43,105.52,30.2,1012.95,182.47,3015,448,940,343,944,172,889,460,752
30.09.16,8739.00,7965.00,8739.00,6210.00,6431.00,8739.00,0.00,107.74,106.00,34.4,1056.94,178.42,2947,453,870,373,963,172,901,488,798
01.10.16,8800.00,8000.00,8606.00,6305.00,7395.00,8570.00,207.00,108.16,106.09,34.0,994.35,181.99,3115,400,1010,332,940,177,866,435,725
02.10.16,8900.00,8046.00,8789.00,6975.00,7490.00,8789.00,100.00,108.44,106.18,32.3,1047.56,186.15,3114,438,940,364,955,162,888,457,728
03.10.16,8900.00,8153.00,8692.00,6754.00,7367.00,8640.00,234.00,108.73,106.27,34,1032.80,187.77,3320,458,890,360,940,175,860,430,720
04.10.16,8900.00,8180.00,8681.00,6860.00,7553.00,8681.00,197.00,108.86,106.36,35.5,1012.46,179.61,3194,440,993,349,960,175,835,447,787
05.10.16,8900.00,8254.00,8784.00,6528.00,7612.00,8748.00,137.00,108.77,106.45,32.8,1061.33,184.63,3236,458,972,345,971,175,878,449,770
07.10.16,8614.00,7840.00,8614.00,5995.00,6280.00,8590.00,0.00,108.51,106.63,31.8,1033.61,173.33,2958,422,912,246,957,183,905,473,784
08.10.16,8804.00,8142.00,8804.00,6380.00,7401.00,8804.00,0.00,108.49,106.72,32.6,1101.89,181.29,3238,419,923,346,944,170,859,479,764
12.10.16,8105.00,7573.00,8105.00,5095.00,5898.00,8105.00,0.00,108.67,107.10,31.4,951.93,155.80,2947,389,837,293,928,183,848,437,711
11.10.16,7914.00,7261.00,7914.00,5649.00,6416.00,7914.00,0.00,108.72,107.00,30.2,966.49,158.45,2865,403,842,316,961,141,754,438,541
09.10.16,8864.00,8187.00,8864.00,6514.00,7345.00,8864.00,0.00,108.77,106.82,33.0,1073.19,184.96,3250,413,949,351,959,183,837,454,791
06.10.16,8850.00,8183.00,8704.00,6651.00,7467.00,8704.00,131.00,108.51,106.54,30.4,1052.30,186.06,3162,427,961,340,976,168,890,454,805
10.10.16,8606.00,8049.00,8606.00,6433.00,7327.00,8606.00,0.00,108.82,106.90,33.5,1024.21,176.09,3162,388,961,334,963,167,865,465,744
13.10.16,8198.00,7689.00,8198.00,5620.00,6963.00,8198.00,0.00,108.86,107.20,33.0,983.23,166.83,3061,389,848,304,904,161,825,432,765
14.10.16,7993.00,7419.00,7993.00,5450.00,5998.00,7977.00,0.00,108.65,107.30,32.4,997.55,157.14,2775,421,829,342,936,169,782,445,720
15.10.16,8700.00,8140.00,8568.00,5570.00,6521.00,8568.00,119.00,108.64,107.43,33.5,1020.59,167.34,3240,414,923,360,963,179,809,461,791
16.10.16,8630.00,8084.00,8630.00,6004.00,7494.00,8630.00,0.00,108.58,107.50,34.4,1030.52,176.39,3438,393,890,374,859,198,811,415,706
17.10.16,8650.00,7937.00,8609.00,6204.00,7402.00,8495.00,140.00,108.47,107.50,34.7,1015.58,185.48,3239,408,895,360,925,180,855,420,655
18.10.16,8694.00,8182.00,8694.00,6542.00,7567.00,8694.00,0.00,108.33,107.70,34.6,1009.09,183.91,3123,422,900,365,1066,151,838,521,796
19.10.16,8802.00,8193.00,8802.00,6507.00,7472.00,8802.00,0.00,108.22,107.80,34.7,995.66,184.22,3271,426,967,358,930,157,983,394,707
20.10.16,8640.00,8055.00,8640.00,6426.00,7407.00,8640.00,0.00,108.11,107.90,36,973.25,182.79,3197,455,849,356,966,178,850,461,743
21.10.16,8275.00,7676.00,8275.00,5686.00,6410.00,8275.00,0.00,108.10,108.00,35.8,988.57,165.23,2909,478,817,319,931,175,828,460,759
21.10.16,8275.00,7676.00,8275.00,5686.00,6410.00,8275.00,0.00,108.10,108.00,35.8,988.57,165.23,2909,478,817,319,931,175,828,460,759
23.10.16,8547.00,8018.00,8547.00,5739.00,7098.00,8547.00,0.00,107.61,108.20,33.2,1005.23,170.31,3187,464,862,348,891,165,780,458,863
24.10.16,8676.00,8092.00,8676.00,5733.00,7024.00,8676.00,0.00,107.47,108.30,32.5,1015.19,169.20,3255,450,835,339,953,168,875,464,753
25.10.16,8742.00,8100.00,8742.00,5827.00,7100.00,8742.00,0.00,107.24,108.40,34,1032.29,172.83,3212,435,897,350,946,156,877,476,751
26.10.16,8850.00,8229.00,8850.00,6130.00,7376.00,8850.00,0.00,107.09,108.50,33.8,1022.56,178.40,3253,400,904,358,978,164,879,486,807
27.10.16,8214.00,7618.00,8214.00,5640.00,6357.00,8214.00,0.00,106.85,108.60,30.2,942.52,163.29,3041,409,896,277,936,155,780,450,674
28.10.16,7532.00,7038.00,7532.00,5213.00,5760.00,7532.00,0.00,106.85,108.60,30.5,913.93,148.85,2679,440,804,286,855,148,768,429,629
30.10.16,8460.00,7976.00,8460.00,5580.00,6903.00,8460.00,0.00,106.48,108.90,32.5,988.73,166.62,3122,442,934,342,937,169,807,445,778
31.10.16,8559.00,7817.00,8559.00,5766.00,7147.00,8559.00,0.00,106.38,109.00,33,991.79,170.78,3217,430,911,343,911,156,802,342,705
01.10.16,8800.00,8000.00,8606.00,6305.00,7395.00,8570.00,207.00,108.16,106.09,34.0,994.35,181.99,3115,400,1010,332,940,177,866,435,725
02.11.16,8493.00,7972.00,8493.00,6006.00,7175.00,8493.00,0.00,106.01,108.80,34.1,1008.17,175.02,3155,425,922,259,919,180,876,454,782
03.11.16,8497.00,7891.00,8497.00,6149.00,7446.00,8497.00,0.00,105.77,108.70,34.5,974.79,176.50,3178,406,907,335,924,174,824,402,741
04.11.16,7263.00,6797.00,7263.00,4840.00,5301.00,7263.00,0.00,105.53,108.60,28.5,868.00,147.38,2520,441,819,266,822,150,754,426,599
05.11.16,6583.00,6233.00,6583.00,4800.00,5781.00,6583.00,0.00,105.48,108.50,25,799.09,132.30,2586,466,497,249,753,86,724,441,431
06.11.16,7200.00,6675.00,7200.00,3800.00,5368.00,7153.00,0.00,105.71,108.40,24.2,833.34,123.25,2507,477,684,254,843,130,757,427,596
07.11.16,7536.00,7042.00,7536.00,4360.00,5781.00,7536.00,0.00,105.69,108.30,27.4,827.95,136.56,2680,446,798,278,860,145,762,446,627
08.11.16,7598.00,7080.00,7598.00,4505.00,5922.00,7598.00,0.00,105.99,108.20,30.2,841.36,149.94,2747,480,831,299,812,150,734,418,609
09.11.16,7630.00,7199.00,7630.00,4508.00,5998.00,7630.00,0.00,105.91,108.10,31.2,880.24,141.25,2800,451,915,293,845,144,727,420,604
10.11.16,7615.00,7122.00,7615.00,4698.00,6041.00,7615.00,0.00,105.80,108.00,30.7,862.80,141.75,2798,434,834,296,833,146,739,429,613
11.11.16,6818.00,6302.00,6818.00,4438.00,4859.00,6818.00,0.00,105.70,107.90,29.5,843.68,126.56,2263,458,720,278,765,139,667,410,602
12.11.16,7485.00,7041.00,7485.00,4390.00,5531.00,7485.00,0.00,105.44,107.90,30.1,895.41,136.54,2694,484,810,288,828,131,724,443,639
13.11.16,7724.00,7236.00,7724.00,4573.00,6043.00,7724.00,0.00,105.42,107.70,30.8,926.30,141.16,2822,485,825,292,865,149,749,414,635
15.11.16,7555.00,7068.00,7555.00,4533.00,5802.00,7555.00,0.00,104.93,107.50,29.8,932.07,139.27,2811,449,849,281,817,142,689,411,619
16.11.16,7662.00,7125.00,7662.00,4498.00,5729.00,7662.00,0.00,104.72,107.40,30.4,883.29,139.61,2776,462,818,283,844,139,734,430,639
19.11.16,7464.00,6952.00,7464.00,4149.00,5373.00,7464.00,0.00,104.27,107.10,29.8,896.28,130.94,2672,446,807,269,822,154,724,440,618
22.11.16,7366.00,7013.00,7366.00,4347.00,5624.00,7366.00,0.00,104.03,106.80,28.5,875.32,134.32,2708,474,826,260,836,144,730,420,615
20.11.16,7462.00,6939.00,7462.00,4406.00,5743.00,7462.00,0.00,104.19,107.00,29.8,882.42,136.05,2712,443,761,258,849,141,738,436,601
21.11.16,7445.00,6887.00,7445.00,4365.00,5722.00,7445.00,0.00,104.11,106.90,28.5,890.03,135.53,2642,438,787,257,842,144,738,428,611
23.11.16,7428.00,6927.00,7376.00,4364.00,5673.00,7376.00,0.00,103.95,106.70,28.5,884.59,136.92,2689,461,847,255,821,143,707,419,585
24.11.16,7406.00,6892.00,7406.00,4342.00,5728.00,7406.00,0.00,103.94,106.60,29.5,850.76,135.60,2636,465,813,257,839,142,713,443,584
25.11.16,6723.00,6186.00,6723.00,4299.00,4522.00,6723.00,0.00,103.71,106.50,29.2,792.04,120.79,2182,441,734,268,770,136,662,421,572
26.11.16,7253.00,6780.00,7253.00,4129.00,5286.00,7253.00,0.00,103.61,106.40,28.4,839.88,129.60,2536,456,797,261,829,143,718,436,604
27.11.16,7450.00,6799.00,7450.00,4286.00,5609.00,7450.00,0.00,103.51,106.30,28.5,850.53,134.05,2603,462,745,262,828,144,723,441,591
28.11.16,7486.00,6924.00,7488.00,4384.00,5511.00,7488.00,0.00,103.43,106.20,28.8,865.75,133.91,2665,468,771,261,844,144,718,448,605
28.11.16,7486.00,6924.00,7488.00,4384.00,5511.00,7488.00,0.00,103.43,106.20,28.8,865.75,133.91,2665,468,771,261,844,144,718,448,605
30.11.16,7601.00,7058.00,7601.00,4341.00,5735.00,7601.00,0.00,103.22,0.00,29.2,866.04,137.49,2746,484,767,272,855,147,723,454,610
01.12.16,7550.00,6927.00,7550.00,4422.00,5504.00,7550.00,0.00,103.11,0.00,29.6,865.88,136.53,2638,454,798,274,851,143,715,448,606
02.12.16,6811.00,6254.00,6811.00,4391.00,4816.00,6811.00,0.00,102.99,105.82,29.6,869.35,122.73,2239,452,733,250,767,136,672,415,590
03.12.16,7551.00,6965.00,7551.00,4200.00,5403.00,7551.00,0.00,102.89,105.73,29.5,880.13,131.89,2617,464,877,264,832,143,720,422,626
04.12.16,7642.00,6996.00,7642.00,4436.00,5558.00,7642.00,0.00,102.81,105.64,30.4,887.28,137.61,2681,470,833,254,831,147,739,441,600
05.12.16,7557.00,6982.00,7557.00,4407.00,5628.00,7557.00,0.00,102.74,105.55,29.6,857.50,136.53,2657,477,811,266,833,146,735,443,614
06.12.16,7549.00,6882.00,7549.00,4266.00,5648.00,7549.00,0.00,102.64,105.46,29.6,854.97,143.04,2608,411,825,260,831,150,735,444,618
07.12.16,7589.00,7043.00,7589.00,4247.00,5817.00,7589.00,0.00,102.55,105.37,30.7,845.45,135.27,2661,455,882,286,847,140,725,438,609
10.12.16,7267.00,6662.00,7267.00,3963.00,5116.00,7267.00,0.00,102.26,105.10,28.8,865.34,128.34,2481,435,789,259,820,145,715,441,577
08.12.16,7499.00,6994.00,7499.00,4336.00,5828.00,7499.00,0.00,102.45,105.27,31,834.68,135.31,2646,455,862,268,828,148,731,452,604
09.12.16,6668.00,6164.00,6668.00,4295.00,4638.00,6668.00,0.00,102.34,105.19,28.4,825.01,120.58,2161,446,733,247,773,139,662,413,590
11.12.16,7360.00,6749.00,7360.00,4214.00,5446.00,7360.00,0.00,102.19,105.00,28.2,849.10,131.06,2508,446,804,254,818,146,726,450,597
12.12.16,7459.00,6852.00,7459.00,4195.00,5576.00,7459.00,0.00,102.08,104.90,27.2,852.34,133.39,2537,452,833,263,853,142,721,454,597
13.12.16,7056.00,6504.00,7056.00,4114.00,5110.00,7056.00,0.00,101.98,104.80,25.8,824.41,126.03,2315,454,755,258,822,142,731,453,574
14.12.16,7395.00,6822.00,7395.00,3949.00,5361.00,7395.00,0.00,101.90,104.70,25.7,838.42,132.08,2532,459,789,262,836,143,741,449,611
15.12.16,7431.00,6831.00,7431.00,4062.00,5577.00,7431.00,0.00,101.82,104.60,26.3,842.81,130.00,2503,465,820,267,856,144,726,450,600
16.12.16,6224.00,5676.00,6224.00,3845.00,4222.00,6224.00,0.00,101.77,104.50,26.8,771.14,111.76,1862,426,616,242,756,133,663,424,554
17.12.16,7192.00,6657.00,7192.00,3626.00,5158.00,7192.00,0.00,101.67,104.40,26.7,884.84,123.19,2406,479,782,262,840,147,702,437,602
18.12.16,7258.00,6748.00,7258.00,4202.00,5518.00,7258.00,0.00,101.60,104.30,26.8,892.52,139.14,2445,475,810,261,840,145,727,446,599
19.12.16,7304.00,6791.00,7304.00,4165.00,5450.00,7304.00,0.00,101.57,104.20,26,869.68,131.65,2475,461,831,257,843,138,732,450,604
20.12.16,7362.00,6811.00,7362.00,4144.00,5468.00,7362.00,0.00,101.60,104.10,26.8,863.82,142.51,2499,464,817,265,834,144,739,448,601
21.12.16,7331.00,6774.00,7331.00,4147.00,5451.00,7324.00,0.00,101.48,104.00,25.8,855.09,131.38,2479,457,806,260,850,144,712,453,613
26.12.16,7405.00,6765.00,7405.00,4346.00,5594.00,7405.00,0.00,101.27,103.50,27.5,824.47,134.21,2614,392,802,248,836,149,717,420,587
27.12.16,7385.00,6821.00,7385.00,4173.00,5500.00,7385.00,0.00,101.23,103.40,26.5,853.35,132.54,2549,471,768,256,855,152,733,447,590
28.12.16,7495.00,6916.00,7495.00,4202.00,5667.00,7495.00,0.00,101.21,103.30,25.8,817.59,133.60,2556,459,880,263,881,141,749,453,534
29.12.16,7427.00,6786.00,7427.00,4243.00,5648.00,7427.00,0.00,101.17,103.20,25.8,823.46,133.86,2509,460,823,264,849,150,711,439,581
30.12.16,6595.00,6063.00,6595.00,4212.00,4759.00,6595.00,0.00,101.13,103.10,26.8,800.03,118.85,2044,471,693,245,813,142,668,429,558
31.12.16,7291.00,6664.00,7291.00,3945.00,5158.00,7291.00,0.00,101.04,103.00,26.2,861.60,128.38,2367,495,777,268,844,146,720,440,607
01.01.16,7294.00,6710.00,7294.00,4197.00,5518.00,7294.00,0.00,101.00,102.81,26.8,874.31,131.42,2357,490,800,265,857,146,737,449,609
02.01.16,7400.00,6813.00,7400.00,4169.00,5464.00,7400.00,0.00,100.96,102.62,27.8,878.64,131.71,2452,491,803,259,862,147,750,441,608
03.01.17,7371.00,6860.00,7371.00,4163.00,5631.00,7371.00,0.00,100.85,102.43,27.2,853.86,132.40,2569,474,770,257,854,150,738,437,611
04.01.17,7458.00,6845.00,7458.00,4210.00,5485.00,7458.00,0.00,100.91,102.24,26.6,847.21,132.74,2530,471,779,266,857,145,741,442,614
05.01.17,7373.00,6837.00,7373.00,4248.00,5613.00,7373.00,0.00,100.80,102.05,23.9,827.34,140.50,2527,460,826,259,846,141,715,452,611
06.01.17,6542.00,6027.00,6542.00,4200.00,4901.00,6542.00,0.00,100.73,101.86,23.6,787.69,119.37,2004,493,665,249,810,139,681,432,554
07.01.17,7279.00,6735.00,7279.00,3771.00,5247.00,7279.00,0.00,100.69,101.67,26,872.45,125.65,2436,446,764,268,874,151,750,458,588
08.01.17,7376.00,6810.00,7376.00,4191.00,5626.00,7376.00,0.00,100.64,101.48,27,882.90,132.45,2463,489,764,259,871,146,761,438,619
09.01.17,7457.00,6961.00,7457.00,4195.00,5661.00,7457.00,0.00,100.59,101.29,27.3,860.56,134.09,2571,503,780,271,884,140,762,453,597
10.01.17,7438.00,6828.00,7438.00,4202.00,5702.00,7438.00,0.00,100.55,101.10,25.6,869.74,134.48,2471,492,778,253,890,140,747,450,607
11.01.17,7553.00,6912.00,7553.00,4190.00,5865.00,7553.00,0.00,100.48,100.91,25.0,869.72,136.17,2502,488,786,265,868,145,782,469,607
12.01.17,7369.00,6789.00,7369.00,4310.00,5731.00,7369.00,0.00,100.43,100.72,25.0,865.82,134.10,2454,484,779,266,879,146,756,441,584
13.01.17,6674.00,6124.00,6674.00,4219.00,4953.00,6674.00,0.00,100.38,100.53,23.2,849.41,120.60,1990,482,725,251,801,141,704,442,588
14.01.17,7384.00,6826.00,7384.00,3926.00,5264.00,7384.00,0.00,100.32,100.34,23.4,895.98,129.99,2382,490,817,260,890,144,785,458,600
15.01.17,7225.00,6683.00,7225.00,4246.00,5588.00,7225.00,0.00,100.26,100.15,25.6,887.38,132.15,2292,459,785,264,877,148,792,445,621
16.01.16,7319.00,6780.00,7319.00,4242.00,5752.00,7319.00,0.00,100.20,99.96,25.0,894.47,133.60,2427,508,740,265,876,143,821,425,575
17.01.17,7547.00,6909.00,7547.00,4359.00,5864.00,7547.00,0.00,100.14,99.77,26.2,870.14,136.61,2432,496,763,263,888,144,841,462,620
18.01.17,7476.00,6939.00,7476.00,4401.00,5884.00,7476.00,0.00,100.03,99.58,26.3,887.11,137.84,2496,472,820,265,871,147,811,436,621
19.01.17,7497.00,6900.00,7497.00,4492.00,6039.00,7497.00,0.00,99.89,99.39,28,976.89,139.99,2483,480,790,263,876,150,805,448,605
20.01.17,6759.00,6259.00,6759.00,4493.00,5270.00,6759.00,0.00,99.77,99.20,26.2,843.58,126.36,2080,501,663,257,820,135,778,463,562
21.01.17,7493.00,6926.00,7493.00,4222.00,5668.00,7493.00,0.00,99.65,99.00,27.2,913.55,134.83,2513,503,798,264,884,140,846,352,626
22.01.17,7440.00,6866.00,7440.00,4648.00,5907.00,7440.00,0.00,99.54,98.80,27.8,885.32,138.08,2436,494,748,255,892,146,884,394,617
23.01.17,7561.00,6919.00,7561.00,4634.00,6043.00,7561.00,0.00,99.40,98.60,26.7,903.79,141.73,2479,473,819,254,893,146,871,373,611
24.01.17,7690.00,7196.00,7690.00,4649.00,6202.00,7690.00,0.00,99.27,98.40,28.2,924.09,143.73,2551,467,882,264,900,146,864,495,627
25.01.17,7673.00,7102.00,7673.00,4658.00,6164.00,7673.00,0.00,99.13,98.20,27.7,938.99,144.81,2549,470,788,277,891,149,869,485,624
26.01.17,7836.00,7251.00,7836.00,4793.00,6198.00,7836.00,0.00,98.97,98.00,30.2,870.34,146.74,2568,469,991,263,890,147,860,434,629
27.01.17,7003.00,6274.00,7003.00,4846.00,5462.00,6942.00,0.00,98.81,97.80,27.7,872.57,133.69,2118,491,675,254,790,136,780,468,562
28.01.17,7643.00,7083.00,7643.00,4436.00,5906.00,7643.00,0.00,98.68,97.60,26.4,910.50,138.92,2560,484,820,264,900,150,840,441,624
29.01.17,7655.00,7057.00,7655.00,4690.00,6257.00,7655.00,0.00,98.52,97.40,25.8,902.26,145.37,2517,443,817,271,894,150,891,446,628
30.01.17,7713.00,7120.00,7713.00,4743.00,6216.00,7713.00,0.00,98.41,97.20,25.7,819.73,145.58,2561,454,800,266,890,149,871,491,638
31.01.17,7723.00,7145.00,7723.00,4772.00,6332.00,7723.00,0.00,98.29,97.00,26.3,815.16,145.17,2543,476,806,276,894,149,893,510,598
01.02.17,7764.00,7186.00,7764.00,4676.00,6420.00,7764.00,0.00,98.16,96.86,27.4,789.97,145.55,2555,481,813,278,884,147,879,506,643
02.02.17,7728.00,7062.00,7728.00,4490.00,6532.00,7728.00,0.00,98.06,98.60,26.4,834.12,145.01,2516,463,794,272,878,148,846,510,635
03.02.17,6870.00,6265.00,6870.00,4637.00,5404.00,6870.00,0.00,97.87,96.58,25.2,847.44,129.98,2098,478,690,237,788,132,775,478,589
05.02.17,7576.00,7144.00,7576.00,4523.00,6382.00,7576.00,0.00,97.60,96.30,32,852.06,142.91,2706,373,773,274,892,146,877,453,650
07.02.17,7941.00,7333.00,7941.00,4793.00,6589.00,7941.00,0.00,97.29,96.02,30.2,857.99,149.28,2695,481,838,259,901,148,871,507,633
08.02.17,7820.00,7250.00,7820.00,4793.00,6469.00,7820.00,0.00,97.10,95.88,29,853.51,147.94,2634,477,841,275,907,148,886,481,601
09.02.17,7796.00,7164.00,7796.00,4861.00,6640.00,7796.00,0.00,96.93,95.74,28.2,844.98,149.71,2602,443,819,274,890,149,866,492,629
10.02.17,6955.00,6403.00,6955.00,4823.00,5432.00,6955.00,0.00,96.79,95.60,29.0,823.56,131.33,2115,481,721,248,797,140,803,482,616
11.02.17,7616.00,7049.00,7616.00,4485.00,5970.00,7616.00,0.00,96.67,95.46,29.0,876.02,141.85,2619,375,751,275,900,147,844,496,642
12.02.17,7845.00,7178.00,7845.00,4732.00,6298.00,7845.00,0.00,96.52,95.46,30.1,857.86,148.02,2601,473,781,267,905,148,874,502,627
13.02.17,7806.00,7222.00,7806.00,4833.00,6665.00,7806.00,0.00,96.28,95.18,29.7,859.66,150.99,2726,444,859,273,889,144,859,419,609
14.02.17,7860.00,7255.00,7860.00,4827.00,6578.00,7860.00,0.00,96.11,95.04,29.5,842.41,149.85,2632,457,849,267,893,146,893,484,634
15.02.17,7806.00,7175.00,7806.00,5055.00,6510.00,7806.00,0.00,95.97,94.90,29.8,842.45,150.70,2670,458,849,273,881,150,865,416,613
16.02.17,7849.00,7205.00,7849.00,5020.00,6773.00,7849.00,0.00,95.70,94.90,29.5,845.83,151.85,2763,470,791,260,887,145,852,409,628
17.02.17,7137.00,6534.00,7137.00,5174.00,5518.00,7137.00,0.00,95.72,94.62,30.2,823.83,137.05,2236,509,726,264,824,144,814,411,606
18.02.17,7797.00,7199.00,7797.00,4794.00,5955.00,7797.00,0.00,95.28,94.48,31.3,890.02,148.51,2645,481,836,277,890,146,874,390,660
19.02.17,8059.00,7417.00,8059.00,5178.00,6684.00,8059.00,0.00,95.17,94.34,30.0,911.57,153.99,2761,493,825,273,908,150,886,468,653
20.02.17,8042.00,7418.00,8042.00,5144.00,6677.00,8042.00,0.00,95.03,94.20,28.4,898.69,154.45,2756,464,838,217,930,155,881,491,686
21.02.17,7547.00,6954.00,7547.00,5019.00,5604.00,7547.00,0.00,94.78,94.05,31.2,933.43,145.01,2343,515,738,240,918,148,879,487,686
22.02.17,8323.00,7708.00,8323.00,5109.00,6783.00,8323.00,0.00,94.59,94.45,30.7,974.95,156.97,2926,490,869,282,975,154,897,439,676
23.02.17,8139.00,7493.00,8139.00,4808.00,6844.00,8139.00,0.00,93.90,94.26,30.5,940.42,154.01,2753,477,875,275,933,157,896,451,676
24.02.17,7266.00,6729.00,7266.00,5242.00,5607.00,7266.00,0.00,94.26,93.60,29.8,853.88,140.12,2255,505,786,259,836,145,845,478,620
25.02.17,7921.00,7312.00,7921.00,4768.00,6076.00,7921.00,0.00,94.09,93.55,29.0,878.81,144.29,2617,502,828,272,907,149,889,510,638
26.02.17,7795.00,7211.00,7803.00,4886.00,6729.00,7803.00,0.00,93.95,93.30,29.8,926.45,151.81,2690,481,815,267,914,152,858,410,624
27.02.17,8011.00,7403.00,8011.00,5085.00,6662.00,8011.00,0.00,93.80,93.15,30.8,962.69,152.74,2794,465,867,269,917,147,911,397,636
01.03.17,7962.00,7353.00,7962.00,5211.00,6911.00,7962.00,0.00,93.40,92.84,31.5,892.27,161.74,2769,487,801,278,915,148,886,436,633
03.03.17,7692.00,7151.00,7692.00,5213.00,5737.00,7692.00,0.00,93.07,92.52,33.2,924.58,147.70,2580,502,792,269,905,153,830,474,646
04.03.17,8176.00,7653.00,8176.00,5345.00,6253.00,8176.00,0.00,92.90,92.36,28.6,936.70,153.61,2913,483,875,272,941,158,810,510,691
05.03.17,7488.00,7053.00,7488.00,5348.00,6835.00,7488.00,0.00,92.73,92.20,30.4,882.48,154.34,2576,497,740,246,983,120,912,438,541
06.03.17,8063.00,7497.00,8063.00,4197.00,6156.00,8063.00,0.00,92.54,92.52,30.2,913.98,144.37,2756,516,863,287,956,159,900,461,599
07.03.17,8264.00,7599.00,8264.00,5495.00,6898.00,8209.00,0.00,92.90,91.88,31.0,920.98,160.82,2916,485,815,270,953,146,921,503,590
08.03.17,7401.00,6915.00,7390.00,5601.00,6879.00,7390.00,0.00,92.21,91.72,30.50,898.88,174.26,2645,478,780,170,839,123,889,509,482
09.03.17,7904.00,7295.00,7904.00,4948.00,6589.00,7904.00,0.00,92.02,91.72,27.8,893.21,151.15,2734,507,846,264,928,126,862,454,574
10.03.17,6134.00,5754.00,6134.00,4503.00,5816.00,6134.00,0.00,92.02,91.40,32,786.00,133.39,2243,322,709,234,572,136,424,471,643
12.03.17,7983.00,7321.00,7983.00,4747.00,6440.00,7983.00,0.00,91.61,91.08,29,909.21,147.09,2777,423,814,267,901,153,872,485,629
13.03.17,7890.00,7338.00,7890.00,5013.00,6163.00,7890.00,0.00,91.59,90.92,28.2,887.45,146.04,2725,529,823,259,915,146,859,479,603
14.03.17,8048.00,7414.00,8048.00,4996.00,6387.00,8048.00,0.00,91.55,90.76,29.5,906.88,149.49,2750,550,810,237,910,147,919,503,588
15.03.17,7780.00,7180.00,7780.00,5003.00,6425.00,7780.00,0.00,91.46,90.82,29.8,912.39,151.29,2618,514,820,251,912,151,915,404,595
16.03.17,8087.00,7364.00,8087.00,5059.00,6713.00,8087.00,0.00,91.29,90.44,30.5,898.38,160.90,2774,507,809,253,955,140,911,404,611
17.03.17,7587.00,7054.00,7587.00,5258.00,5734.00,7587.00,0.00,91.17,90.28,31.6,887.16,146.60,2500,523,801,264,914,147,884,407,614
18.03.17,7174.00,6647.00,7174.00,4697.00,5751.00,7153.00,0.00,90.98,90.12,29.6,859.00,139.30,2476,407,818,252,921,152,881,275,465
19.03.17,8102.00,7482.00,8102.00,4922.00,6695.00,8102.00,0.00,90.79,89.96,32.8,898.26,153.27,2817,495,855,279,896,122,900,509,609
20.03.17,7333.00,6714.00,7333.00,4899.00,6148.00,7333.00,0.00,90.58,89.80,23.9,824.70,141.68,2557,532,842,275,912,149,750,128,569
21.02.17,7547.00,6954.00,7547.00,5019.00,5604.00,7547.00,0.00,94.78,94.05,31.2,933.43,145.01,2343,515,738,240,918,148,879,487,686
22.03.17,8125.00,7580.00,8125.00,5113.00,6420.00,8125.00,0.00,90.20,89.48,31.2,936.35,153.36,2764,528,860,293,974,157,875,487,642
23.03.17,8507.00,8002.00,8507.00,5450.00,7059.00,8507.00,0.00,90.02,89.64,31.2,973.87,163.50,2979,542,894,299,997,257,882,480,672
24.03.17,8112.00,7399.00,8112.00,5593.00,6044.00,8112.00,0.00,90.20,89.16,32.4,954.10,158.27,2724,532,796,277,937,169,852,474,638
25.03.17,7415.00,6869.00,7415.00,3614.00,4617.00,7415.00,0.00,89.67,89.00,27.5,839.52,137.96,2503,383,826,225,1010,165,740,438,579
26.03.17,7868.00,7148.00,7868.00,4943.00,5119.00,7868.00,0.00,89.59,88.84,31.5,901.00,142.56,2426,493,804,265,995,165,836,459,705
27.03.17,8615.00,8075.00,8615.00,5502.00,6838.00,8615.00,0.00,89.49,88.68,32.8,1002.81,172.21,3078,544,892,282,1007,169,940,445,718
28.03.17,8737.00,8201.00,8737.00,6084.00,6516.00,8737.00,0.00,89.37,88.51,30.6,955.92,170.54,3121,517,911,324,1034,170,962,442,720
29.03.17,8099.00,7667.00,8099.00,5819.00,6650.00,8099.00,0.00,89.17,88.51,30.1,922.39,164.80,3050,471,920,197,918,136,924,466,585
30.03.17,8305.00,7692.00,8305.00,5367.00,6533.00,8305.00,0.00,88.94,88.17,33.2,894.28,161.57,2986,451,905,178,1029,180,926,455,582
31.03.17,8394.00,7795.00,8394.00,5803.00,6181.00,8394.00,0.00,88.45,88.00,33.6,856.63,165.35,2937,453,935,245,959,176,933,453,704
01.04.17,8610.00,8176.00,8610.00,6182.00,7156.00,8610.00,0.00,87.94,88.00,33.8,911.44,175.20,3241,525,893,232,1061,189,856,446,733
02.04.17,8410.00,8014.00,8410.00,6604.00,7424.00,8410.00,0.00,87.60,88.00,33.0,980.43,179.34,3115,506,896,253,1024,171,881,453,715
03.04.17,7485.00,7007.00,7579.00,5696.00,7279.00,7485.00,0.00,87.10,87.40,33.4,877.50,163.37,3003,184,913,176,777,178,664,407,705
04.04.17,8231.00,7701.00,8231.00,4767.00,6696.00,8231.00,0.00,86.92,87.20,32.2,930.81,151.39,3137,514,699,225,1049,170,897,464,546
05.04.17,6911.00,6509.00,6911.00,5007.00,6839.00,6911.00,0.00,86.56,87.00,25,875.86,166.36,2626,483,710,224,832,22,881,464,267
06.04.17,8546.00,8032.00,8546.00,5169.00,6763.00,8546.00,0.00,86.38,86.80,30.4,922.40,159.81,3070,540,863,264,1034,154,947,473,687
08.04.17,8323.00,7776.00,8323.00,6507.00,7611.00,8323.00,0.00,86.08,86.40,34.0,950.36,180.58,3236,493,917,309,934,155,703,411,618
07.04.17,8263.00,7653.00,8263.00,5880.00,6544.00,8263.00,0.00,86.23,86.06,30.4,945.44,164.53,2952,425,830,289,960,180,914,362,741
09.04.17,8558.00,7899.00,8685.00,6428.00,7518.00,8558.00,0.00,85.83,86.20,33.7,952.39,174.33,3284,527,841,319,859,163,876,390,640
10.04.17,8968.00,8389.00,8968.00,7181.00,7881.00,8968.00,0.00,85.50,86.00,35.5,969.14,193.12,3499,488,825,326,1094,187,879,361,730
11.04.17,8730.00,8188.00,8812.00,7081.00,7738.00,8730.00,0.00,85.13,85.80,35.7,985.56,189.55,3322,488,895,342,1005,203,875,393,665
12.04.17,8744.00,8232.00,8807.00,7053.00,7925.00,8744.00,0.00,84.77,85.60,35.1,975.06,192.16,3357,504,942,340,978,170,869,388,684
13.04.17,8824.00,8279.00,8834.00,7012.00,8081.00,8824.00,0.00,84.40,85.40,36.2,980.25,196.34,3361,526,924,342,948,182,876,418,702
14.04.17,8406.00,7860.00,8451.00,6596.00,6916.00,8406.00,0.00,84.10,85.20,34.8,973.99,180.32,2891,605,882,336,963,184,883,348,768
15.04.17,7484.00,7112.00,7852.00,6361.00,7597.00,7484.00,0.00,83.62,85.00,34.5,921.90,175.21,3379,79,924,350,951,169,355,154,751
16.04.17,8505.00,7897.00,8505.00,5190.00,6129.00,8505.00,0.00,83.07,84.80,31.5,946.21,161.47,3184,431,881,271,1022,178,867,349,714
17.04.17,9100.00,8573.00,9100.00,6022.00,7450.00,9100.00,0.00,82.63,84.60,34,997.39,180.46,3347,549,937,333,1018,188,981,459,761
21.04.17,6352.00,5924.00,6488.00,4815.00,5117.00,6352.00,0.00,80.58,83.80,28.3,796.00,133.11,2296,439,590,192,600,141,717,413,536
20.04.17,8158.00,7622.00,8158.00,3687.00,6333.00,8158.00,0.00,80.90,84.00,29.6,867.67,140.69,3003,463,875,304,956,145,800,457,619
18.04.17,9212.00,8633.00,9212.00,6750.00,7970.00,9212.00,0.00,82.04,84.40,34.6,1009.06,193.08,3447,555,938,350,1064,189,894,415,781
19.04.17,5473.00,5055.00,8582.00,3320.00,7567.00,5473.00,0.00,81.51,84.20,30.7,763.68,161.46,2113,243,902,75,545,189,472,434,82
22.04.17,6133.00,5719.00,6133.00,3695.00,4984.00,6133.00,0.00,80.83,83.60,24.8,772.52,118.79,2236,165,721,232,802,150,493,407,513
23.04.17,7557.00,6994.00,7557.00,4190.00,6172.00,7557.00,0.00,81.07,83.40,28.8,818.46,132.65,2815,445,771,262,793,65,759,446,638
24.04.17,7160.00,6617.00,7160.00,3892.00,4459.00,7160.00,0.00,81.79,83.20,28.8,830.55,120.09,2477,440,684,272,833,136,762,408,605
25.04.17,7921.00,7534.00,7921.00,4544.00,6627.00,7921.00,0.00,82.88,83.00,34.0,905.25,146.61,3127,297,883,245,915,169,731,476,691
26.04.17,8682.00,8220.00,8682.00,5336.00,6672.00,8682.00,0.00,83.84,82.80,34.0,974.27,164.38,3075,589,909,291,988,171,954,508,735
27.04.17,8774.00,8176.00,8774.00,6361.00,7471.00,8774.00,0.00,84.44,82.60,34.0,1013.15,181.59,3300,596,930,333,682,195,938,407,795
28.04.17,8463.00,7976.00,8463.00,6056.00,6436.00,8463.00,0.00,84.96,82.40,34.4,999.98,171.26,3115,577,858,256,1029,185,897,346,713
29.04.17,7976.00,7664.00,7976.00,5873.00,7232.00,7976.00,0.00,85.02,82.20,34.6,931.22,170.19,3349,474,921,298,777,199,478,417,751
30.04.17,8735.00,8123.00,8735.00,4747.00,7395.00,8735.00,0.00,84.75,82.00,34.2,930.47,165.93,3290,556,895,318,958,174,729,476,727
01.05.17,6964.00,6594.00,6964.00,4068.00,5291.00,6964.00,0.00,84.31,81.81,33.0,791.94,125.00,2588,454,775,273,955,179,195,400,775
02.05.17,7722.00,7195.00,7722.00,3519.00,6192.00,7722.00,0.00,83.87,81.62,33.0,924.94,133.13,3054,584,908,318,684,114,515,268,750
03.05.17,8621.00,8202.00,8682.00,6257.00,7577.00,8621.00,0.00,83.65,81.43,35.1,1028.30,180.35,3412,608,920,326,964,206,712,258,796
04.05.17,8827.00,8257.00,8827.00,4923.00,7297.00,8812.00,0.00,83.11,81.24,34.1,995.84,178.96,3342,549,958,341,1064,204,709,306,784
06.05.21,8284.00,7747.00,8284.00,5862.00,6260.00,8284.00,0.00,82.63,81.05,35.0,982.48,169.47,3015,608,888,302,895,193,750,359,737
06.05.17,8697.00,8212.00,8697.00,6297.00,7199.00,8697.00,0.00,82.15,80.86,34.2,1005.15,177.88,3364,559,916,355,953,182,808,289,786
07.05.17,8717.00,8105.00,8717.00,5894.00,7319.00,8717.00,0.00,81.61,80.67,34.4,1012.20,179.92,3411,539,921,304,852,157,781,368,772
08.05.17,8449.00,7787.00,8449.00,6879.00,7894.00,8449.00,0.00,81.08,80.48,36.2,963.65,190.79,3337,450,980,328,748,121,795,360,668
09.05.17,7844.00,7361.00,8342.00,5823.00,6874.00,7844.00,0.00,80.44,80.29,31.7,874.96,171.49,3155,443,931,291,678,117,725,401,620
10.05.17,8598.00,7995.00,8598.00,5711.00,7067.00,8598.00,0.00,79.78,80.19,33.0,971.36,170.47,3281,552,1025,337,843,144,714,303,796
11.05.17,7830.00,7365.00,8046.00,6865.00,7847.00,7830.00,0.00,79.28,79.91,35.6,916.75,183.18,3045,466,833,301,837,168,707,320,688
12.05.17,8230.00,7596.00,8230.00,5346.00,6110.00,8230.00,0.00,78.24,79.72,35.0,953.16,162.43,3028,626,916,341,719,135,722,305,804
13.05.17,8731.00,7339.00,8759.00,6751.00,7484.00,8731.00,0.00,77.50,79.53,34.8,980.17,186.81,2622,621,943,360,848,182,672,328,763
14.05.17,8450.00,7842.00,8450.00,6548.00,7618.00,8450.00,0.00,76.66,79.34,34.7,938.35,185.94,3348,593,920,328,765,140,709,284,755
15.05.17,8406.00,7748.00,8406.00,4578.00,6574.00,8146.00,0.00,76.29,79.15,32.7,791.25,162.43,3358,593,890,331,742,148,604,306,776
16.05.17,8137.00,7624.00,8137.00,3393.00,6468.00,8137.00,0.00,75.58,78.96,31.0,909.98,140.59,3151,470,916,341,802,153,724,318,749
17.05.17,8090.00,7526.00,8090.00,4641.00,7353.00,8090.00,0.00,74.88,78.77,33.4,854.99,169.97,3449,527,840,283,723,142,566,340,656
18.05.17,8184.00,7644.00,8277.00,4816.00,6910.00,8184.00,0.00,74.44,78.58,34.2,942.78,159.41,3297,481,934,356,720,113,664,340,739
19.05.17,7910.00,7250.00,7954.00,6241.00,6790.00,7910.00,0.00,73.94,78.39,36.0,939.10,168.50,3059,522,916,302,585,146,637,341,742
20.05.17,8244.00,7631.00,8244.00,6775.00,7400.00,8244.00,0.00,73.02,78.20,36.0,910.81,179.11,3436,443,900,277,758,153,655,231,778
21.05.17,8483.00,7989.00,8483.00,6625.00,7201.00,8483.00,0.00,72.42,78.00,36.0,966.22,179.88,3418,596,944,344,830,153,709,331,664
22.05.17,8259.00,7640.00,8259.00,7346.00,7878.00,8259.00,0.00,72.10,78.00,36.8,964.28,188.43,3246,533,872,334,839,153,804,189,670
23.05.17,8492.00,7906.00,8492.00,7195.00,7739.00,8492.00,0.00,72.10,77.60,37.0,977.50,186.96,3344,521,811,351,835,166,887,326,665
24.05.17,8607.00,8034.00,8782.00,7517.00,7920.00,8607.00,0.00,72.22,77.40,36.2,1009.59,193.94,3156,517,939,356,919,167,824,435,721
25.05.17,8593.00,7884.00,8725.00,7545.00,8004.00,8593.00,0.00,73.17,77.20,36.6,968.47,217.27,3227,533,836,311,931,170,854,374,648
26.05.17,8055.00,7545.00,8228.00,5651.00,7069.00,8055.00,0.00,73.96,77.00,35.4,969.95,178.13,2908,452,939,364,826,201,709,395,751
27.05.17,9356.00,8730.00,9471.00,6689.00,7849.00,9356.00,0.00,74.01,76.80,35.0,1053.73,191.90,3514,532,938,371,1065,172,896,463,779
28.05.17,9263.00,8601.00,9263.00,7646.00,8473.00,9263.00,0.00,74.07,76.60,34.5,1101.35,206.19,3421,552,957,347,998,188,883,494,761
29.05.17,9219.00,8590.00,9219.00,7641.00,8571.00,9219.00,0.00,74.26,76.40,35.0,1085.26,206.17,3490,509,933,376,949,182,911,416,824
30.05.17,8270.00,7818.00,8635.00,6293.00,6571.00,8270.00,0.00,74.41,76.20,30.5,991.71,174.80,3204,587,566,218,1004,183,952,404,700
31.05.17,8241.00,7647.00,8295.00,6324.00,8015.00,8241.00,0.00,74.91,76.00,34.3,1055.19,184.59,3172,555,809,241,605,212,801,496,756
01.06.17,7652.00,7311.00,7945.00,6213.00,6989.00,7652.00,0.00,75.94,76.26,27.8,970.52,172.44,3065,575,672,314,683,114,809,434,645
02.06.17,7565.00,7083.00,7565.00,5388.00,6186.00,7565.00,0.00,77.74,76.52,33,994.35,158.16,3093,154,829,312,927,188,357,456,767
03.06.17,9089.00,8545.00,9089.00,6022.00,7202.00,9089.00,0.00,80.92,76.78,35,1047.26,179.82,3580,534,938,267,1110,195,650,463,808
04.06.17,8823.00,8097.00,8823.00,6777.00,7294.00,8823.00,0.00,82.01,77.04,34.2,1041.66,186.54,3373,577,790,330,789,186,866,413,773
05.06.17,8336.00,7745.00,8343.00,6309.00,7765.00,8336.00,0.00,83.21,77.30,33.0,1016.54,177.20,3029,536,910,313,907,127,736,426,761
07.06.17,9479.00,8894.00,9479.00,7804.00,8743.00,9479.00,0.00,85.37,77.82,37.1,1068.73,209.59,3695,571,912,408,991,172,856,421,868
06.06.17,9229.00,8706.00,9276.00,6058.00,8061.00,9229.00,0.00,84.47,77.56,35.5,1058.36,192.74,3595,579,964,322,899,185,842,469,851
08.06.17,9111.00,8517.00,9329.00,7822.00,8549.00,9111.00,0.00,85.96,78.08,36.1,1052.61,207.49,3640,547,711,403,1050,170,868,365,763
09.06.17,8973.00,8460.00,9048.00,6986.00,7461.00,8973.00,0.00,86.57,78.34,33.9,1042.96,192.82,3336,568,884,373,1014,185,811,451,838
10.06.17,9395.00,8801.00,9395.00,7307.00,8206.00,9395.00,0.00,87.67,78.60,36.0,1058.27,203.57,3676,545,949,343,1054,194,865,359,816
11.06.17,8942.00,8416.00,9091.00,7297.00,8106.00,8942.00,0.00,88.27,78.87,32.8,1000.03,198.65,3391,527,811,336,1091,112,975,428,745
12.06.17,7649.00,7229.00,7784.00,4931.00,5723.00,7649.00,0.00,88.93,79.14,26.4,928.53,154.57,2776,403,675,235,1034,171,857,494,584
13.06.17,9114.00,8528.00,9130.00,5446.00,7187.00,9114.00,0.00,91.17,79.41,33.2,1093.42,176.89,3514,605,738,349,1074,174,864,421,789
14.06.17,8893.00,8228.00,9091.00,6950.00,7823.00,8893.00,0.00,98.35,79.68,33.4,1061.67,196.03,3306,511,901,292,1054,188,752,445,779
15.06.17,9323.00,8735.00,9323.00,6747.00,7915.00,9323.00,0.00,100.67,79.95,34.0,1044.80,197.00,3602,494,829,364,1024,196,941,460,825
16.06.17,8407.00,7879.00,8732.00,6095.00,6365.00,8407.00,0.00,102.32,80.22,30.2,1017.61,173.64,3080,507,839,350,896,172,834,436,765
17.06.17,9055.00,8568.00,9128.00,6368.00,7439.00,9055.00,0.00,104.00,80.49,33.4,1071.97,187.33,3264,572,957,342,1027,206,986,431,783
18.06.17,9067.00,8498.00,9100.00,6791.00,8106.00,9067.00,0.00,104.43,80.76,34,1035.54,204.15,3367,484,938,334,1174,201,744,448,808
19.06.17,8315.00,7926.00,8315.00,6151.00,6956.00,8315.00,0.00,104.54,81.03,29.5,972.17,177.90,3081,522,810,328,971,151,896,497,670
20.06.17,9038.00,8430.00,9038.00,5630.00,6563.00,9038.00,0.00,104.62,81.30,31.8,1025.01,179.14,3338,497,931,362,1013,181,923,434,751
21.06.17,9166.00,8687.00,9166.00,6464.00,7581.00,9166.00,0.00,104.50,81.57,32.4,1043.42,188.87,3415,577,866,370,1106,185,881,470,817
22.06.17,8947.00,8448.00,8961.00,6608.00,7841.00,8947.00,0.00,104.27,81.84,32.4,1032.74,192.24,3189,615,854,353,1101,200,891,432,813
23.06.17,8622.00,8133.00,8710.00,6088.00,6732.00,8622.00,0.00,103.84,82.11,35.2,1039.32,181.27,3067,639,849,376,1009,193,783,401,816
24.06.17,8415.00,7873.00,8417.00,6335.00,6598.00,8415.00,0.00,103.62,82.38,34,1024.61,178.44,2738,634,861,316,1037,190,875,407,815
25.06.17,8083.00,7482.00,8083.00,5505.00,5720.00,8083.00,0.00,103.51,82.65,33.5,970.89,163.67,2455,606,723,377,1026,183,872,480,760
26.06.17,7727.00,7192.00,7784.00,5224.00,5839.00,7727.00,0.00,103.30,82.92,33.5,934.32,157.20,2265,584,691,356,991,172,877,455,801
27.06.17,7776.00,7281.00,7877.00,5364.00,5516.00,7776.00,0.00,103.12,83.19,34.0,865.02,156.24,2332,579,693,321,1020,186,886,519,745
28.06.17,7532.00,6983.00,7598.00,5332.00,5735.00,7532.00,0.00,103.06,83.46,33.2,739.46,154.36,2216,574,730,320,1000,188,749,488,718
29.06.17,7634.00,7182.00,7765.00,5215.00,5990.00,7634.00,0.00,102.92,83.73,34.4,941.02,154.61,2317,596,759,343,990,182,804,477,714
30.06.17,7452.00,6888.00,7533.00,5268.00,5496.00,7452.00,0.00,102.83,84.00,32.6,940.70,155.45,2446,568,733,313,955,167,657,449,600
01.07.17,8602.00,8019.00,8602.00,5897.00,6499.00,8602.00,0.00,102.66,84.16,32.4,1029.31,169.65,2738,639,907,367,1071,188,861,474,774
02.07.17,8487.00,7925.00,8487.00,5937.00,6933.00,8487.00,0.00,102.76,84.32,33.8,1047.76,176.54,2897,593,891,350,937,180,870,447,760
03.07.17,8612.00,8015.00,8612.00,5805.00,6857.00,8612.00,0.00,102.62,84.48,30.2,1056.57,175.18,3000,572,812,347,1019,187,885,471,722
04.07.17,8788.00,8266.00,8788.00,6016.00,7181.00,8788.00,0.00,102.98,84.64,29.7,1055.42,178.38,3097,582,875,369,1038,180,884,425,816
05.07.17,8897.00,8210.00,8897.00,6221.00,7298.00,8897.00,0.00,103.70,84.80,30.1,1022.70,179.64,3171,587,792,360,1026,190,826,459,799
06.07.17,9039.00,8442.00,9039.00,6375.00,7603.00,9039.00,0.00,104.22,84.96,33.2,1016.02,182.11,3250,605,917,367,960,163,905,465,810
07.07.17,8742.00,8056.00,8742.00,6344.00,6629.00,8742.00,0.00,104.41,85.12,33.0,1010.89,178.90,3027,601,892,381,921,173,838,444,779
08.07.17,9063.00,8457.00,9063.00,6657.00,7671.00,9063.00,0.00,104.55,85.28,32.8,1033.83,189.65,3298,589,938,393,966,178,812,427,856
09.07.17,8942.00,8353.00,8966.00,6783.00,7725.00,8942.00,0.00,104.59,85.44,33.5,1013.52,190.50,3397,556,936,380,983,174,778,430,719
10.07.17,8856.00,8233.00,8856.00,6830.00,7555.00,8856.00,0.00,104.58,85.60,31.6,967.66,189.10,3279,559,905,363,909,172,800,429,817
11.07.17,8855.00,8227.00,8855.00,6450.00,7099.00,8855.00,0.00,104.54,85.76,31.7,974.32,183.42,3212,601,949,381,898,164,836,440,746
12.07.17,9147.00,8550.00,9147.00,6158.00,7412.00,9147.00,0.00,104.55,85.92,31.6,950.09,182.78,3400,598,993,399,903,172,825,433,827
13.07.17,8953.00,8389.00,8953.00,6598.00,7682.00,8906.00,0.00,104.56,86.08,32.0,953.50,191.81,3346,543,892,368,923,162,889,425,841
14.07.17,8739.00,8143.00,8923.00,6241.00,6797.00,8739.00,0.00,104.60,86.24,33.8,972.61,179.36,3161,588,847,374,946,169,806,436,816
15.07.17,9143.00,8454.00,9227.00,6701.00,7738.00,9143.00,0.00,104.66,86.40,34.6,971.56,189.78,3430,589,933,399,938,164,843,426,732
16.07.17,9334.00,8661.00,9334.00,7499.00,8176.00,9334.00,0.00,105.15,86.56,35.8,1017.13,208.98,3587,599,890,387,983,179,799,380,857
17.07.17,8987.00,8274.00,9023.00,7668.00,8274.00,8987.00,0.00,105.57,86.72,35.4,1014.31,197.56,3490,576,983,401,901,144,777,442,560
18.07.17,9258.00,8633.00,9258.00,7779.00,8455.00,9258.00,0.00,105.77,86.88,36.6,1009.31,204.82,3712,534,947,420,879,159,751,430,801
19.07.17,8898.00,8329.00,8898.00,7113.00,7709.00,8898.00,0.00,105.81,87.04,29.2,974.34,191.55,3419,614,832,399,930,168,849,416,702
20.07.17,8711.00,8030.00,8711.00,6266.00,7299.00,8670.00,0.00,105.75,87.20,28.4,903.35,181.98,3341,593,796,359,894,169,751,404,723
21.07.17,8575.00,8012.00,8575.00,5850.00,6227.00,8575.00,0.00,107.99,87.36,30.8,886.94,167.72,3049,623,860,385,877,175,828,436,779
22.07.17,8901.00,8464.00,8937.00,6298.00,7158.00,8901.00,0.00,105.76,87.52,32.6,963.91,189.85,3367,626,987,360,898,186,812,442,786
23.07.17,8668.00,8151.00,8668.00,6777.00,7418.00,8668.00,0.00,105.43,87.68,32.4,943.78,183.82,3268,617,758,374,916,162,883,392,781
24.07.17,8149.00,7572.00,8149.00,5865.00,6450.00,8149.00,0.00,105.42,87.84,28.1,922.33,162.75,3054,492,771,339,858,138,786,425,709
25.07.17,8411.00,7922.00,8411.00,5106.00,6625.00,8411.00,0.00,105.97,88.00,27.8,941.44,160.46,3153,595,825,368,870,157,805,421,728
26.07.17,8873.00,8324.00,8873.00,5923.00,6716.00,8873.00,0.00,106.02,88.16,29.4,974.35,172.58,3295,621,916,350,969,168,817,408,780
28.07.17,8377.00,7862.00,8396.00,6257.00,6795.00,8377.00,0.00,105.67,88.49,33,984.40,176.78,3198,612,840,384,811,148,687,398,784
27.07.17,8849.00,8298.00,8868.00,6380.00,7642.00,8849.00,0.00,105.92,85.32,33.4,963.33,185.29,3308,601,995,388,887,168,802,408,741
30.07.17,8578.00,8124.00,8718.00,7077.00,7828.00,8578.00,0.00,105.16,88.83,33.1,958.55,189.26,3333,598,1012,410,836,133,660,350,792
29.07.17,8870.00,8242.00,8870.00,6768.00,7340.00,8870.00,0.00,105.27,88.66,32.4,988.01,185.28,3522,600,984,406,794,158,633,356,789
31.07.17,9039.00,8585.00,9039.00,7116.00,7995.00,9039.00,0.00,105.19,89.00,34,999.77,195.75,3610,605,927,412,838,146,813,424,810
01.08.17,9180.00,8673.00,9180.00,7371.00,8275.00,9180.00,0.00,105.25,89.32,34,987.61,192.60,3538,627,929,393,802,179,990,403,812
02.08.17,9266.00,8634.00,9266.00,7361.00,8253.00,9266.00,0.00,105.39,89.64,34.9,997.64,198.95,3458,559,958,395,845,157,1063,375,824
03.08.17,9176.00,8569.00,9176.00,7157.00,7957.00,9176.00,0.00,105.39,89.96,33.4,995.56,196.47,3504,599,944,413,909,180,778,398,844
04.08.17,8821.00,8205.00,8911.00,6802.00,7060.00,8821.00,0.00,105.36,90.28,33.8,976.37,186.21,3225,556,865,399,929,180,793,413,845
05.08.17,9470.00,8795.00,9470.00,7073.00,7806.00,9470.00,0.00,105.51,90.60,33.3,1058.04,197.32,3552,609,975,405,921,215,804,465,849
06.08.17,9167.00,8579.00,9167.00,7283.00,8078.00,9167.00,0.00,105.65,90.92,31.6,1048.78,210.95,3487,608,889,397,995,215,735,377,876
07.08.17,9166.00,8612.00,9166.00,6846.00,7570.00,9166.00,0.00,105.75,91.24,32.4,1026.88,195.39,3575,530,977,391,870,198,737,566,768
08.08.17,9314.00,8727.00,9314.00,7214.00,7919.00,9314.00,0.00,105.76,91.56,34.2,1027.41,198.31,3603,567,930,411,867,219,749,534,847
09.08.17,9037.00,8413.00,9037.00,7404.00,7948.00,9037.00,0.00,105.76,91.88,32.2,986.89,196.62,3589,526,933,385,871,216,722,399,772
10.08.17,0.00,8355.00,9021.00,7136.00,7220.00,8911.00,0.00,105.75,92.20,32.4,986.89,208.93,3523,541,903,354,867,191,758,429,789
11.08.17,0.00,7902.00,8377.00,5752.00,6217.00,8377.00,0.00,105.65,92.52,30.0,928.99,170.52,3134,568,799,328,958,186,782,377,770
12.08.17,8752.00,8234.00,8752.00,5525.00,6658.00,8752.00,0.00,106.96,92.84,28.5,977.58,174.78,3295,559,905,352,930,186,787,432,788
13.08.17,8831.00,8253.00,8831.00,6149.00,7401.00,8831.00,0.00,107.77,93.16,31.6,1007.19,182.04,3468,525,916,362,923,174,735,389,761
14.08.17,8977.00,8442.00,8977.00,6421.00,7499.00,8977.00,0.00,107.88,93.48,30.8,982.85,185.84,3481,575,985,372,910,176,780,360,803
15.08.17,8765.00,8103.00,8765.00,6402.00,6998.00,8765.00,0.00,107.68,93.80,32.2,992.36,179.49,3064,649,896,346,882,179,848,432,807
16.08.17,9064.00,8533.00,9064.00,6842.00,7487.00,9064.00,0.00,107.45,94.12,31,1013.87,192.91,3494,622,924,390,928,183,790,409,793
18.08.17,8850.00,8280.00,8881.00,6654.00,6860.00,8850.00,0.00,106.73,94.76,31.0,1020.14,186.88,3206,645,888,391,882,185,759,486,838
19.08.17,9253.00,8702.00,9254.00,6748.00,7289.00,9253.00,0.00,106.69,95.08,34.0,1034.33,189.72,3517,616,996,410,866,160,776,499,862
17.08.17,9201.00,8824.00,9318.00,6862.00,8011.00,9201.00,0.00,107.05,94.44,32.6,1031.91,197.82,3506,632,971,376,961,165,814,436,963
20.08.17,9284.00,8605.00,9284.00,7397.00,8308.00,9284.00,0.00,106.86,95.40,33.5,1050.36,201.13,3401,569,975,422,933,170,796,450,889
22.08.17,9180.00,8757.00,9227.00,6922.00,7952.00,9180.00,0.00,107.25,96.04,33.2,1020.01,198.01,3627,599,1004,417,933,179,795,381,822
21.08.17,9318.00,8904.00,9318.00,7693.00,8385.00,9318.00,0.00,106.97,95.72,33.6,1027.11,202.11,3578,588,1048,417,1160,165,682,378,888
23.08.17,9129.00,8566.00,9129.00,6996.00,7947.00,9129.00,0.00,107.61,96.36,32.8,995.30,195.46,3403,598,992,448,876,183,788,439,839
24.08.17,8986.00,8441.00,8986.00,7307.00,8215.00,8986.00,0.00,107.66,96.69,33.2,980.38,200.29,3520,615,965,310,850,169,730,458,824
25.08.17,8933.00,8402.00,8940.00,6769.00,7305.00,8933.00,0.00,107.63,97.02,32.5,996.46,191.47,3359,583,937,416,892,181,763,418,853
26.08.17,9253.00,8705.00,9253.00,7246.00,7619.00,9253.00,0.00,107.73,97.35,32.6,991.38,207.26,3590,538,1000,402,902,175,813,415,870
27.08.17,9110.00,8674.00,9120.00,6692.00,8253.00,9110.00,0.00,107.78,97.68,32.6,984.47,196.79,3657,652,919,375,873,165,792,388,853
28.08.17,9084.00,8621.00,9084.00,7237.00,8003.00,9084.00,0.00,107.82,98.01,33.2,981.35,199.09,3507,656,996,405,851,165,778,394,869
29.08.17,9088.00,8538.00,9088.00,7340.00,8051.00,9088.00,0.00,107.71,98.31,33.6,1014.52,208.91,3504,621,989,383,828,181,779,411,842
30.08.17,8980.00,8412.00,8983.00,6879.00,7803.00,8980.00,0.00,107.60,98.67,33.5,1026.73,196.00,3336,586,914,398,893,185,809,448,843
31.08.17,8053.00,7558.00,8370.00,6699.00,6937.00,8053.00,0.00,107.64,99.00,32.2,993.24,180.28,2680,588,864,391,890,193,736,410,806
01.09.17,7889.00,7428.00,7972.00,5624.00,5541.00,7719.00,0.00,107.80,99.23,33,960.13,163.22,2349,613,635,378,1097,197,939,467,753
02.09.17,7951.00,7453.00,7951.00,4928.00,4758.00,7781.00,0.00,108.07,99.46,33.0,930.83,152.09,2361,537,715,373,1069,193,928,481,796
03.09.17,7719.00,7307.00,7728.00,5465.00,5979.00,7719.00,0.00,108.07,99.69,33.9,928.66,157.19,2315,638,683,343,1041,159,911,454,763
04.09.17,8079.00,7632.00,8079.00,5693.00,6213.00,8079.00,0.00,108.15,99.92,35.5,960.81,164.28,2342,623,760,320,1116,201,969,485,816
05.09.17,8245.00,7706.00,8245.00,6091.00,6581.00,8245.00,0.00,108.32,100.15,35.0,1019.22,174.67,2435,598,859,314,1060,206,948,459,827
06.09.17,8422.00,7822.00,8422.00,6339.00,6890.00,8422.00,0.00,108.08,100.38,32.2,1053.04,177.61,2663,582,884,393,969,178,871,436,846
07.09.17,8449.00,7846.00,8449.00,6437.00,7067.00,8449.00,0.00,108.02,100.61,34.8,1064.24,179.76,2691,591,896,348,983,188,889,448,812
08.09.17,8672.00,8108.00,8672.00,6238.00,6690.00,8672.00,0.00,108.06,108.84,31,994.54,176.04,2843,608,878,374,1130,212,807,411,845
09.09.17,8804.00,8340.00,8804.00,6651.00,7363.00,8804.00,0.00,108.42,101.07,34,1049.72,181.67,3060,565,908,377,1064,209,897,410,850
10.09.17,8358.00,7807.00,8358.00,6392.00,7289.00,8358.00,0.00,108.65,101.30,31.5,1049.73,177.11,2940,541,840,362,968,204,806,396,750
11.09.17,8583.00,7975.00,8583.00,5980.00,6745.00,8583.00,0.00,108.76,101.53,27,1052.63,182.07,2993,554,908,364,1016,178,792,416,754
12.09.17,9016.00,8364.00,9016.00,6214.00,7419.00,9016.00,0.00,108.82,101.76,32.7,1038.89,184.92,3275,582,979,396,874,187,807,429,835
13.09.17,9049.00,8525.00,9049.00,6833.00,7934.00,9049.00,0.00,108.55,101.99,32.6,1022.82,194.32,3340,609,945,391,915,167,854,433,871
14.09.17,9194.00,8633.00,9194.00,7027.00,7797.00,9194.00,0.00,108.42,102.22,32.5,979.32,195.53,3511,613,901,400,888,170,821,451,878
15.09.17,8839.00,8284.00,8839.00,6829.00,7122.00,8839.00,0.00,108.39,102.45,33.4,967.32,193.37,3232,609,904,407,890,176,859,406,801
16.09.17,8984.00,8507.00,9154.00,7392.00,7956.00,8984.00,0.00,108.58,102.68,36,993.23,197.34,3417,633,919,411,857,177,849,426,818
17.09.17,9094.00,8603.00,9094.00,6685.00,7445.00,9094.00,0.00,108.73,102.91,31.2,968.71,193.23,3475,612,931,399,952,208,778,391,857
18.09.17,8959.00,8454.00,8959.00,6767.00,8125.00,8959.00,0.00,108.80,103.14,34.5,964.47,193.54,3627,602,935,395,818,195,728,401,753
19.09.17,9047.00,8471.00,9047.00,6898.00,7823.00,9047.00,0.00,108.70,103.37,30,958.13,191.51,3476,606,932,379,864,169,826,450,769
20.09.17,9122.00,8499.00,9122.00,6852.00,7711.00,9122.00,0.00,108.71,103.60,31,972.48,191.17,3358,604,947,408,924,190,822,422,824
21.09.17,9215.00,8640.00,9215.00,6969.40,7966.00,9215.00,0.00,108.63,103.84,32.8,1010.39,195.43,3445,607,970,389,910,183,833,416,887
22.09.17,8930.00,8317.00,8930.00,6674.00,7125.00,8930.00,0.00,108.57,104.08,34.6,972.66,188.21,3284,608,894,403,896,182,786,425,839
23.09.17,9056.00,8435.00,9159.00,7319.30,7987.00,9056.00,0.00,108.52,104.32,35.5,1024.00,197.97,3508,601,917,409,878,168,775,411,768
24.09.17,9276.00,8624.00,9281.00,8018.20,8542.00,9276.00,0.00,108.49,104.56,35.5,1031.97,197.98,3470,595,982,403,918,163,806,444,843
25.09.17,9272.00,8641.00,9272.00,7965.40,8554.00,9272.00,0.00,108.59,104.80,33.9,1036.69,207.61,3399,568,1026,410,924,179,834,423,878
26.09.17,9431.00,8817.00,9431.00,7885.70,8474.00,9431.00,0.00,109.00,105.04,32.8,1036.69,211.97,3593,575,934,405,1072,215,810,457,756
27.09.17,9231.00,8725.00,9250.00,7701.70,8278.00,9231.00,0.00,108.78,105.28,32.5,1057.13,208.31,3678,582,917,368,958,194,790,422,816
28.09.17,8910.00,8405.00,8910.00,7287.10,8522.00,8910.00,0.00,108.80,105.52,32.1,980.39,200.28,3271,590,915,320,1032,169,934,436,738
29.09.17,8187.00,7727.00,8187.00,5051.10,5548.00,8187.00,0.00,108.73,105.76,28.8,971.31,158.73,2828,492,840,347,1011,193,856,381,779
30.09.17,9009.00,8401.00,9009.00,6025.50,7201.00,9009.00,0.00,108.71,106.00,31.6,1023.09,177.31,3207,498,917,363,1080,202,857,482,795
01.10.17,8874.00,8373.00,8874.00,6293.10,7195.00,8874.00,0.00,108.63,106.09,32.5,1027.89,180.56,3055,572,921,364,1035,203,903,497,823
02.10.17,9377.00,8901.00,9377.00,6460.10,8176.00,9377.00,0.00,108.61,106.18,33.2,1034.11,200.42,3504,548,995,400,1108,198,839,456,853
03.10.17,9382.00,8885.00,9389.00,6901.40,8120.00,9382.00,0.00,108.57,106.27,35.0,1059.54,199.07,3660,556,1034,413,940,194,865,454,769
04.10.17,9078.00,8598.00,9078.00,7347.30,8271.20,9078.00,0.00,108.57,106.36,35.6,1033.60,201.65,3453,556,966,402,974,159,876,421,791
05.10.17,9077.00,8582.00,9264.00,7296.30,8232.10,9077.00,0.00,108.56,106.45,36.5,1050.90,203.26,3565,580,955,418,879,178,778,386,843
06.10.17,9128.00,8586.00,9128.00,7047.30,7332.00,9128.00,0.00,108.59,106.54,36.5,1034.09,189.27,3390,591,835,401,1093,199,821,422,834
07.10.17,9428.00,8832.00,9428.00,6686.50,7602.70,9428.00,0.00,108.65,106.63,32.5,1053.06,194.65,3606,590,979,421,952,184,848,425,827
08.10.17,9326.00,8789.00,9326.00,6838.20,7825.40,9326.00,0.00,108.78,106.72,31.9,1022.54,195.63,3625,574,935,409,935,179,880,444,808
09.10.17,9251.00,8696.00,9251.00,6319.20,7490.40,9251.00,0.00,108.79,106.81,29.3,1014.33,187.53,3451,607,984,408,907,194,906,423,816
10.10.17,9289.00,8812.00,9289.00,6626.20,7756.50,9289.00,0.00,108.80,106.90,34.2,1040.96,198.58,3588,555,1014,400,978,184,882,432,779
11.10.17,9181.00,8636.00,9233.00,7096.10,8069.50,9181.00,0.00,108.75,107.00,34.5,1040.93,195.72,3552,590,838,427,957,196,850,411,815
12.10.17,9261.00,8740.00,9261.00,7393.00,8064.00,9261.00,0.00,108.71,107.10,34.7,1047.43,203.60,3703,599,998,374,876,187,801,374,828
13.10.17,8981.00,8466.00,8981.00,6806.40,7106.40,8981.00,0.00,109.00,107.20,34.0,1016.07,189.65,3399,610,934,364,936,207,761,393,862
14.10.17,9168.00,8620.00,9214.00,6895.30,7542.10,9168.00,0.00,108.84,107.30,33.6,1005.10,188.89,3647,540,963,415,924,158,802,411,760
15.10.17,9236.00,8659.00,9249.00,6789.10,8025.70,9236.00,0.00,108.64,107.40,33,1067.57,198.41,3569,575,985,373,958,178,838,418,765
16.10.17,9154.00,8682.00,9190.00,7170.20,8130.70,9154.00,0.00,108.60,107.50,34,1040.69,200.61,3590,586,954,412,905,176,845,430,784
17.10.17,9200.00,8671.00,9200.00,7155.10,8100.10,9200.00,0.00,108.49,107.60,34.8,1002.59,202.13,3591,575,940,424,871,163,807,420,880
18.10.17,9507.00,9024.00,9507.00,7164.80,7964.60,9507.00,0.00,108.50,107.70,34,985.97,202.03,3782,581,1047,379,903,180,874,396,882
19.10.17,8902.00,8359.00,8902.00,6052.40,7453.10,8902.00,0.00,108.70,107.80,30.5,970.33,189.96,3507,592,878,357,910,201,811,412,691
20.10.17,6638.00,6210.00,7938.00,4535.10,5458.30,6638.00,0.00,108.87,107.90,25.2,791.16,146.16,2479,363,881,302,706,119,559,372,429
21.10.17,5413.00,5195.00,5413.00,3198.00,3982.00,5413.00,0.00,108.84,108.00,25.7,705.73,103.83,2362,153,547,115,681,130,498,372,337
22.10.17,8061.00,7618.00,8061.00,4207.00,5878.00,8061.00,0.00,108.76,108.10,28.5,867.33,142.10,3016,431,862,296,921,175,809,413,695
23.10.17,9139.00,8684.00,9139.00,5160.00,6650.30,9139.00,0.00,109.00,108.20,32.8,951.71,165.05,3401,565,937,353,1098,200,935,412,783
24.10.17,8859.00,8534.00,8859.00,5894.00,6914.90,8859.00,0.00,108.94,108.30,31.5,933.05,175.48,3498,501,947,338,960,206,905,418,761
25.10.17,9222.00,8753.00,9222.00,5870.10,6916.90,9222.00,0.00,108.78,108.40,30.8,958.17,172.91,3566,590,899,345,1093,204,891,411,754
26.10.17,9179.00,8670.00,9179.00,5957.00,6927.50,9179.00,0.00,108.68,108.50,31.4,961.10,174.43,3482,559,936,346,1074,190,841,469,773
27.10.17,7899.00,7478.00,7899.00,5148.00,5669.60,7899.00,0.00,108.78,108.60,31.6,889.39,163.57,2793,518,852,314,912,168,768,450,703
28.10.17,8444.00,8019.00,8444.00,5275.00,6198.70,8444.00,0.00,108.55,108.70,30.3,911.15,156.34,3208,521,827,324,994,185,804,453,703
29.10.17,8365.00,7937.00,8365.00,5391.00,6732.50,8365.00,0.00,108.47,108.80,30.4,902.89,160.91,3237,530,851,286,990,174,795,406,668
30.10.17,7644.00,7266.00,7644.00,5290.00,6400.50,7644.00,0.00,108.50,108.90,25.3,877.51,156.91,2899,485,796,276,908,164,737,396,605
31.10.17,8183.00,7600.00,8183.00,4538.00,6203.70,8183.00,0.00,108.65,109.00,28,953.28,144.78,3045,479,851,308,917,169,757,461,613
01.11.17,8224.00,7727.00,8224.00,4878.00,6562.10,8224.00,0.00,108.89,108.90,30.5,913.74,154.06,3102,478,869,317,927,164,770,418,682
02.11.17,8407.00,7902.00,8407.00,4978.00,6512.80,8407.00,0.00,108.94,108.80,31.1,944.47,155.75,3194,513,884,322,946,171,754,415,703
03.11.17,7507.00,7077.00,7507.00,4775.80,5317.00,7507.00,0.00,108.68,108.70,31.8,899.99,140.45,2640,481,865,299,843,161,686,421,681
04.11.17,8496.00,8020.00,8496.00,5046.00,6183.10,8496.00,0.00,108.68,108.60,33.2,1017.89,152.97,3138,536,939,337,906,146,807,457,754
05.11.17,9015.00,8531.00,9015.00,5617.00,7024.10,9015.00,0.00,108.63,108.50,33.2,1035.86,169.45,3450,538,907,334,1029,191,823,470,789
06.11.17,8891.00,8347.00,8891.00,5696.00,7101.10,8891.00,0.00,108.56,108.40,33,994.09,169.87,3459,539,912,314,976,181,804,417,745
07.11.17,8777.00,8329.00,8777.00,5578.00,6867.10,8777.00,0.00,108.37,108.40,33.2,988.18,172.94,3395,536,914,322,973,188,802,433,766
08.11.17,8675.00,8111.00,8675.00,5621.00,7098.10,8675.00,0.00,108.22,108.20,32,938.32,165.92,3260,520,968,280,961,172,798,430,722
09.11.17,8711.00,8158.00,8711.00,5596.00,7084.00,8711.00,0.00,108.13,108.10,31.2,934.99,165.92,3340,523,875,326,955,180,782,442,735
10.11.17,7603.00,7198.00,7603.00,5018.10,5333.20,7603.00,0.00,107.96,108.00,30.8,891.02,145.20,2709,489,857,312,846,161,705,446,673
11.11.17,8560.00,8080.00,8560.00,5059.00,6326.10,8652.00,0.00,107.78,107.90,32.2,960.44,152.25,3185,538,942,342,946,175,759,455,738
12.11.17,8600.00,8115.00,8600.00,5311.00,6855.10,8692.00,0.00,107.61,107.80,29.5,919.48,160.96,3284,525,962,335,953,170,784,412,690
13.11.17,8605.00,8207.00,8605.00,5431.00,6884.00,8605.00,0.00,107.42,107.70,32.8,888.80,162.38,3329,500,957,331,928,173,771,487,731
14.11.17,8637.00,8286.00,8637.00,5389.00,6784.70,8637.00,0.00,107.27,107.60,30.6,965.84,156.25,3402,499,987,325,942,180,788,417,746
15.11.17,7964.00,7858.00,7964.00,5510.00,6529.60,7964.00,0.00,107.10,107.50,27.2,939.16,156.93,3008,783,919,313,867,136,760,470,602
16.11.17,8170.00,7663.00,8170.00,4974.00,6406.70,8170.00,0.00,106.98,107.40,25.2,893.09,151.23,2965,451,1020,295,719,167,917,469,660
17.11.17,7469.00,7064.00,7469.00,4826.00,5366.00,7469.00,0.00,106.81,107.30,28.4,840.72,137.97,2594,488,866,285,853,161,714,439,664
18.11.17,8503.00,8108.00,8503.00,4937.00,6192.60,8503.00,0.00,106.65,107.20,31.4,897.71,154.68,3152,559,929,309,942,183,791,472,771
19.11.17,8693.00,8148.00,8693.00,5642.00,6729.20,8693.00,0.00,107.96,106.28,31.4,930.46,165.67,3182,547,989,322,962,187,789,423,747
20.11.17,8711.00,8192.00,8711.00,5556.00,6742.80,8711.00,0.00,106.28,107.10,30.7,944.45,161.65,3270,526,961,321,938,175,792,474,735
21.11.17,8253.00,7730.00,8253.00,5324.00,6403.00,8253.00,0.00,106.08,106.90,29.0,903.69,155.15,3030,509,910,315,943,172,742,430,679
22.11.17,8009.00,7567.00,8009.00,4922.00,6124.90,8009.00,0.00,105.88,106.80,27.9,899.13,148.33,2932,481,929,318,935,153,771,422,626
23.11.17,7915.00,7495.00,7915.00,4937.00,6134.80,7915.00,0.00,105.67,106.70,27.7,885.62,148.11,2869,509,894,307,909,168,756,443,640
24.11.17,7070.00,6649.00,7070.00,4514.00,4960.80,7070.00,0.00,105.50,106.70,28.8,841.33,129.06,2323,494,784,299,836,156,690,452,615
25.11.17,7751.00,7363.00,7751.00,4424.00,5910.90,7751.00,0.00,105.26,106.50,28.5,873.96,140.85,2762,502,873,301,900,164,755,470,636
26.11.17,7836.00,7414.00,7836.00,4683.00,5861.80,7836.00,0.00,105.07,106.40,28.3,905.90,145.34,2827,499,866,302,909,177,770,439,625
27.11.17,7883.00,7344.00,7883.00,4718.00,6004.80,7883.00,0.00,104.86,106.30,28.6,896.03,143.64,2840,517,846,296,919,165,726,430,605
28.11.17,7915.00,7432.00,7915.00,4637.00,5819.60,7915.00,0.00,104.65,106.20,28,868.03,144.78,2810,496,878,309,928,169,773,421,648
30.11.17,7755.00,7270.00,7755.00,4598.00,5851.00,7755.00,0.00,104.20,106.00,28.3,893.16,143.50,2839,485,793,294,906,164,729,420,640
01.12.17,7755.00,6555.00,6982.00,4593.40,4960.00,6982.00,0.00,103.96,105.91,29.0,843.37,128.10,2310,456,764,277,852,165,704,421,606
02.12.17,7362.00,6902.00,7362.00,4303.00,5327.10,7362.00,0.00,103.75,105.82,28.9,881.33,132.86,2594,428,746,292,893,166,743,428,612
03.12.17,7739.00,7318.00,7739.00,4425.00,5731.00,7739.00,0.00,103.61,105.73,28.5,897.43,139.66,2785,512,781,292,911,168,763,474,632
04.12.17,7881.00,7364.00,7881.00,4551.00,5917.00,7881.00,0.00,103.49,105.64,27.2,906.11,147.29,2804,499,833,299,924,165,769,451,620
05.12.17,8015.00,7473.00,8015.00,4641.00,5875.80,8015.00,0.00,103.36,105.55,28.2,870.25,143.13,2777,497,926,296,929,168,766,488,626
06.12.17,7960.00,7459.00,7960.00,4581.00,5887.80,7960.00,0.00,103.23,105.46,27.2,873.33,143.65,2806,486,907,295,936,165,775,480,609
07.12.17,7826.00,7263.00,7826.00,4582.00,6054.90,7826.00,0.00,103.13,105.37,28.6,878.17,145.23,2786,490,800,289,878,168,748,484,620
08.12.17,6920.00,6436.00,6920.00,4511.90,4938.80,6920.00,0.00,102.99,105.28,23,841.96,142.31,2265,478,654,274,852,156,699,451,607
09.12.17,7335.00,6865.00,7335.00,4019.00,5709.20,7335.00,0.00,102.90,105.19,22.8,853.89,133.42,2682,387,866,282,849,167,569,446,617
10.12.17,7803.00,7159.00,7823.00,4232.00,6251.20,7823.00,0.00,102.90,105.10,27.3,939.23,145.13,2620,476,874,281,899,164,768,482,595
11.12.17,8028.00,7514.00,8028.00,4577.00,6293.10,8028.00,0.00,102.87,105.00,25.2,920.30,148.15,2884,481,892,298,903,135,787,491,643
12.12.17,8024.00,7555.00,8024.00,4790.00,6003.80,8024.00,0.00,102.82,104.90,29.4,847.54,147.47,2880,477,876,304,925,166,783,489,655
13.12.17,8002.00,7571.00,8002.00,4828.00,5903.50,8002.00,0.00,102.82,104.80,28.7,849.08,147.95,2839,507,911,301,935,163,788,498,629
14.12.17,7742.00,7294.00,7742.00,4827.00,6132.70,7742.00,0.00,102.80,104.70,28.6,851.86,147.38,2739,488,863,293,911,166,751,467,616
15.12.17,7002.00,6385.00,7002.00,4567.40,5022.30,7002.00,0.00,102.76,104.60,26.4,784.32,129.82,2222,493,804,277,855,158,521,466,589
16.12.17,6591.00,6262.00,6591.00,4200.00,4684.70,6591.00,0.00,102.66,104.58,25.2,779.88,118.58,2080,481,619,278,850,158,722,458,616
17.12.17,7627.00,7221.00,7627.00,4125.00,5650.40,7627.00,0.00,102.67,104.40,25.3,827.08,135.39,2680,479,828,296,936,166,768,424,644
18.12.17,7842.00,7390.00,7842.00,4441.00,5801.50,7842.00,0.00,102.48,104.40,25.4,832.87,142.02,2741,505,837,302,934,167,776,493,635
20.12.17,7894.00,7422.00,7894.00,4434.00,5818.90,7894.00,0.00,102.28,104.10,25.2,844.36,140.30,2726,508,876,294,942,166,790,471,649
21.12.17,7896.00,7393.00,7896.00,4508.00,5827.30,7896.00,0.00,102.23,104.00,26.1,866.65,139.50,2765,513,859,306,884,167,779,497,623
22.12.17,7064.00,6597.00,7064.00,4457.40,4901.90,7064.00,0.00,102.16,103.90,27.2,826.76,127.03,2246,495,764,288,844,157,729,476,598
23.12.17,7829.00,7395.00,7829.00,4381.00,5383.50,7829.00,0.00,102.90,103.80,25,902.14,136.89,2759,508,860,299,904,166,758,487,654
24.12.17,7935.00,7458.00,7935.00,4614.00,5951.70,7935.00,0.00,102.00,103.70,26.6,891.19,148.76,2825,515,817,300,954,166,762,479,640
25.12.17,7829.00,7376.00,7829.00,4590.00,5646.60,7829.00,0.00,101.86,103.60,27.1,882.92,140.58,2719,503,848,297,932,163,789,489,636
26.12.17,7957.00,7488.00,7957.00,4526.00,5992.70,7957.00,0.00,101.77,103.50,26.3,866.43,142.39,2795,513,868,298,926,169,789,503,627
27.12.17,7798.00,7299.00,7798.00,4547.00,5928.80,7798.00,0.00,101.67,103.40,27.1,878.49,143.91,2784,507,861,299,952,171,792,301,632
30.12.17,7812.00,7312.00,7812.00,4309.00,5566.00,7812.00,0.00,101.38,103.10,29.1,846.06,137.69,2679,509,851,295,926,169,759,489,635
28.12.17,7753.00,7475.00,7753.00,4562.00,6137.80,7753.00,0.00,101.55,103.30,24.6,882.52,141.73,2828,504,852,293,927,171,766,480,654
29.12.17,6919.00,6497.00,6919.00,4558.00,5049.90,6919.00,0.00,101.45,103.20,27.0,785.53,129.19,2259,499,708,275,834,154,717,458,593
31.12.17,7703.00,7310.00,7703.00,4545.00,5940.90,7703.00,0.00,101.30,103.10,28.3,860.24,143.30,2748,467,796,296,928,165,776,486,648
01.01.17,7651.00,7325.00,7651.00,4594.00,5926.50,7651.00,0.00,101.21,102.81,26.8,860.50,141.65,2722,513,804,302,915,158,789,488,634
02.01.17,7782.00,7378.00,7782.00,4472.00,5806.20,7782.00,0.00,101.11,102.62,26.5,833.71,142.35,2752,513,832,298,914,166,787,497,619
03.01.18,7717.00,7294.00,7717.00,4483.00,5927.90,7717.00,0.00,101.02,102.43,24.6,815.67,140.86,2694,512,814,283,926,168,797,484,616
04.01.18,7739.00,7396.00,7739.00,4336.00,5954.20,7739.00,0.00,100.96,102.24,21.8,844.10,140.37,2765,532,819,294,942,167,772,494,611
05.01.18,6967.00,6594.00,6967.00,4345.00,5130.20,6967.00,0.00,100.87,102.50,22.5,816.26,127.67,2232,522,741,270,879,162,702,475,611
06.01.18,7657.00,7196.00,7657.00,4098.00,5455.00,7657.00,0.00,100.78,101.86,23.6,862.21,132.12,2560,542,820,293,929,164,751,516,621
07.01.18,7700.00,7221.00,7700.00,4366.00,5770.50,7700.00,0.00,100.76,101.67,20.2,865.51,138.09,2577,480,804,297,943,176,791,521,632
08.01.18,7868.00,7356.00,7868.00,4376.00,5888.00,7868.00,0.00,100.67,101.48,18.0,875.03,138.46,2632,535,779,300,948,179,824,525,634
09.01.18,7895.00,7398.00,7895.00,4405.00,5997.30,7895.00,0.00,100.58,101.29,22.8,875.94,142.45,2683,530,828,297,950,181,786,522,621
10.01.18,7755.00,7276.00,7755.00,4549.00,5894.20,7755.00,0.00,100.48,101.10,22.0,841.39,140.87,2773,505,795,286,859,154,786,499,619
11.01.18,7972.00,7399.00,7972.00,4464.00,6191.40,7972.00,0.00,100.39,100.91,17.8,897.88,145.28,2781,442,819,298,958,167,809,522,603
12.01.18,7020.00,6631.00,7020.00,4532.00,5357.00,7020.00,0.00,100.34,100.72,20.6,866.20,132.35,2235,465,768,275,844,166,779,496,603
13.01.18,7842.00,7375.00,7842.00,4237.00,6128.00,7842.00,0.00,100.27,103.53,20.5,898.86,143.01,2695,443,846,294,956,175,832,503,631
14.01.18,7627.00,7255.00,7627.00,4588.00,6176.00,7627.00,0.00,100.21,100.53,18.9,875.98,145.57,2599,509,822,290,922,170,832,492,619
15.01.18,7970.00,7451.00,7970.00,4603.00,6250.00,7970.00,0.00,100.21,100.53,22.2,862.97,144.32,2699,495,814,296,942,173,850,529,653
16.01.18,7784.00,7354.00,7784.00,4658.00,6120.40,7784.00,0.00,100.21,100.53,23.7,881.36,142.60,2739,489,781,300,931,174,840,477,623
17.01.18,8061.00,7482.00,8061.00,4748.00,6170.30,8061.00,0.00,100.21,99.77,25.0,864.32,149.06,2761,481,812,305,913,169,879,516,646
18.01.18,7878.00,7382.00,7878.00,4698.00,6324.50,7878.00,0.00,99.83,99.58,26.1,817.57,149.12,2689,508,783,299,922,185,855,515,626
19.01.18,7273.00,6766.00,7273.00,4686.00,5368.30,7273.00,0.00,99.83,99.58,26.7,773.66,134.17,2263,497,714,282,877,176,821,522,614
20.01.18,7684.00,7146.00,7684.00,4479.00,5776.00,7684.00,0.00,99.62,99.58,25.0,810.67,140.24,2665,267,800,305,902,178,878,510,641
21.01.18,7841.00,7398.00,7841.00,4731.00,6216.50,7841.00,0.00,99.52,99.58,25.2,791.58,146.95,2659,506,860,305,907,175,867,517,602
22.01.18,7810.00,7378.00,7810.00,4715.00,6368.60,7810.00,0.00,99.43,99.58,24.2,831.60,149.61,2650,488,809,300,919,177,871,510,654
23.01.18,7881.00,7509.00,7881.00,4795.00,6303.80,7881.00,0.00,99.40,98.60,26.4,842.03,150.04,2722,478,864,305,916,178,870,548,628
24.01.18,7973.00,7489.00,7973.00,4889.00,6492.90,7973.00,0.00,99.40,98.40,26.5,870.65,152.68,2660,534,869,302,897,177,889,537,624
25.01.18,8183.00,7679.00,8183.00,5032.00,6541.90,8183.00,0.00,99.25,98.40,26.5,869.72,158.28,2794,577,871,305,905,177,869,536,645
26.01.18,7285.00,6857.00,7285.00,4907.00,5644.20,7285.00,0.00,99.13,98.40,25.7,845.41,137.94,2260,552,770,286,866,160,824,536,603
27.01.18,8051.00,7554.00,8051.00,4583.00,6163.30,8051.00,0.00,99.02,97.80,22.3,848.01,145.56,2613,562,872,296,922,176,889,557,667
28.01.18,8144.00,7680.00,8144.00,4818.00,6497.90,8144.00,0.00,98.97,97.60,24.2,880.51,153.09,2740,593,849,298,935,176,913,547,629
29.01.18,8251.00,7803.00,8251.00,4811.00,6576.80,8251.00,0.00,98.87,97.60,24.6,883.78,153.87,2752,581,898,301,968,173,907,559,664
30.01.18,8231.00,7663.00,8231.00,4847.00,6752.70,8231.00,0.00,98.87,97.60,25,852.58,154.25,2749,580,851,307,942,172,871,567,624
31.01.18,8186.00,7675.00,8186.00,4896.00,6788.40,8186.00,0.00,98.67,97.00,25.6,879.91,154.89,2749,580,850,313,951,177,847,581,627
01.02.18,8162.00,7640.00,8162.00,4928.00,6870.50,8162.00,0.00,98.56,96.86,25.5,861.41,155.82,2761,587,835,305,911,172,861,554,654
02.02.18,7262.00,6793.00,7262.00,4415.00,5739.50,7262.00,0.00,98.46,96.86,28.0,823.65,136.05,2215,530,762,290,865,164,806,523,638
03.02.18,8109.00,7621.00,8109.00,4557.00,6632.10,8109.00,0.00,98.35,96.58,25.5,941.34,146.68,2718,539,868,304,922,172,866,565,667
04.02.18,8139.00,7659.00,8139.00,4842.00,6511.60,8139.00,0.00,98.23,96.58,28.6,854.84,151.67,2721,581,836,312,919,174,901,548,667
05.02.18,8247.00,7730.00,8247.00,4794.00,6798.20,8247.00,0.00,98.11,96.30,28.7,844.42,155.98,2847,539,837,314,934,172,920,545,622
06.02.18,7976.00,7548.00,7976.00,4871.00,6500.40,7976.00,0.00,97.99,96.16,28.4,835.02,152.32,2633,578,840,280,934,175,891,554,663
07.02.18,8258.00,7703.00,8258.00,4989.00,6956.70,8258.00,0.00,97.87,96.16,28.3,824.58,157.48,2841,563,920,300,916,178,867,469,649
08.02.18,8115.00,7593.00,8115.00,5192.00,7184.20,8115.00,0.00,97.59,95.88,28.2,816.21,158.62,2640,587,862,302,937,182,900,523,660
09.02.18,7449.00,6946.00,7449.00,5074.00,5831.00,7449.00,0.00,95.56,95.74,28.6,844.84,143.04,2345,550,789,296,807,171,827,540,621
10.02.18,8144.00,7580.00,8144.00,4943.00,6783.50,8144.00,0.00,97.45,95.88,28.5,876.14,154.61,2691,577,880,310,818,180,899,551,674
11.02.18,8032.00,7577.00,8032.00,5002.00,6843.30,8032.00,0.00,97.34,95.46,27.8,892.26,155.82,2646,562,846,305,910,179,913,541,675
12.02.18,8165.00,7713.00,8165.00,5042.00,6882.00,8165.00,0.00,97.22,95.46,29.8,921.98,157.18,2757,580,889,314,907,161,922,557,626
13.02.18,8421.00,8045.00,8421.00,5083.00,7198.00,8421.00,0.00,97.10,95.32,29.5,950.10,160.97,2996,547,895,316,960,172,914,573,672
14.02.18,8419.00,7920.00,8419.00,5187.00,6831.70,8419.00,0.00,97.10,95.04,28.4,888.42,158.92,2876,610,901,313,979,176,912,532,621
15.02.18,8288.00,7926.00,8288.00,5267.00,7155.20,8288.00,0.00,96.86,94.90,27.8,881.92,160.48,2866,604,903,308,957,168,909,538,673
16.02.18,7455.00,6965.00,7455.00,5138.00,5743.20,7455.00,0.00,96.75,94.90,28.6,843.67,141.64,2367,570,747,275,869,158,851,481,647
17.02.18,8158.00,7703.00,8158.00,4909.00,6790.10,8158.00,0.00,96.56,94.62,28.3,935.93,155.71,2785,577,839,308,946,174,876,525,673
18.02.18,8465.00,7983.00,8465.00,5131.00,7052.80,8465.00,0.00,96.44,94.48,28.9,983.90,161.21,2903,598,875,292,972,164,923,562,694
19.02.18,8551.00,8126.00,8551.00,5258.00,7079.80,8551.00,0.00,96.29,94.48,30.2,911.35,162.93,3031,585,890,293,961,168,925,565,708
20.02.18,8553.00,7989.00,8553.00,5337.00,7364.80,8553.00,0.00,96.29,94.20,30.8,900.89,167.22,2918,607,866,291,953,171,911,579,693
21.02.18,7631.00,7134.00,7631.00,5303.00,6040.80,7631.00,0.00,96.94,94.20,31.1,883.09,141.05,2392,552,688,299,904,176,897,545,681
22.02.18,8508.00,7984.00,8508.00,4916.00,7176.70,8508.00,0.00,95.79,93.90,31,938.13,160.78,2929,535,879,314,965,185,903,550,724
23.02.18,7980.00,7407.00,7980.00,5485.00,6044.80,7980.00,0.00,95.55,93.75,31.6,919.89,159.78,2622,533,801,300,944,172,815,502,718
24.02.18,8848.00,8336.00,8848.00,5323.00,7205.00,8848.00,0.00,95.39,93.60,32.5,982.30,166.00,3190,600,870,323,943,186,916,559,749
25.02.18,8763.00,8279.00,8763.00,5878.00,7547.80,8763.00,0.00,95.17,93.60,33.6,897.19,176.02,3249,607,942,316,847,179,870,521,748
26.02.18,8060.00,7622.00,8060.00,2515.00,6045.00,8060.00,0.00,95.17,93.60,30.7,844.85,139.74,3130,373,876,281,963,173,612,511,703
27.02.18,8768.00,8270.00,8768.00,5181.00,7017.10,8768.00,0.00,95.17,93.15,31.0,894.32,164.95,3157,518,936,321,994,183,879,549,733
28.02.18,8794.00,8322.00,8794.00,5824.00,7444.30,8794.00,0.00,94.66,93.00,31.8,916.00,174.19,3217,544,924,291,990,185,882,543,746
01.03.18,8835.00,8290.00,8835.00,5843.00,7467.00,8835.00,0.00,94.42,93.00,31.5,930.61,174.32,3238,548,888,325,976,183,882,548,702
02.03.18,8316.00,7734.00,8316.00,5973.00,6246.60,8316.00,0.00,94.42,93.00,32.6,927.11,159.66,2725,581,893,308,978,179,870,516,684
03.03.18,9262.00,8722.00,9262.00,5777.00,6941.00,9262.00,0.00,94.24,92.68,33.8,982.58,174.47,3340,622,972,316,987,197,950,561,777
04.03.18,9032.00,8399.00,9032.00,6553.00,7822.30,9032.00,0.00,94.24,92.36,34.5,941.08,194.64,3358,524,936,353,975,205,822,526,700
05.03.18,9015.00,8464.00,9015.00,6859.00,8116.00,9015.00,0.00,93.89,92.20,33.4,915.51,191.25,3326,591,971,338,966,180,834,480,778
06.03.18,9307.00,7926.00,9307.00,6637.00,8109.20,9307.00,0.00,93.89,92.20,33.4,931.37,189.62,2650,591,944,333,983,196,900,526,803
07.03.18,9431.00,8839.00,9431.00,6689.00,8057.40,9431.00,0.00,93.62,91.88,32.3,966.83,189.94,3383,577,1010,343,1017,181,974,567,787
08.03.18,9241.00,8835.00,9241.00,6252.00,7776.00,9241.00,0.00,93.62,91.72,32,890.04,183.78,3367,583,982,345,1064,173,967,578,776
09.03.18,8306.00,7832.00,8306.00,6066.30,6335.10,8306.00,0.00,93.62,91.72,32.2,857.27,167.30,2803,592,861,285,929,170,926,524,742
10.03.18,9249.00,8745.00,9249.00,5829.00,7095.20,9249.00,0.00,93.62,91.72,32,928.64,176.03,3204,651,980,351,1041,186,952,588,792
11.03.18,9454.00,9020.00,9454.00,6256.00,7927.90,9454.00,0.00,92.91,91.40,33.6,983.38,182.50,3402,679,1021,336,1053,184,968,564,813
12.03.18,9533.00,9071.00,9533.00,6364.00,7946.00,9533.00,0.00,93.62,91.72,34,958.74,183.57,3514,620,1003,351,1107,199,975,542,760
13.03.18,9616.00,9117.00,9616.00,6645.00,8237.70,9616.00,0.00,93.62,91.72,34.2,943.55,192.63,3528,600,1014,305,1085,189,1008,571,817
14.03.18,9494.00,8980.00,9494.00,6524.00,8080.90,9494.00,0.00,92.36,90.76,34.2,943.98,185.94,3441,637,1020,347,997,200,889,597,852
15.03.18,9715.00,9034.00,9715.00,6896.00,8200.00,9715.00,0.00,92.24,90.76,32.9,986.53,190.18,3425,574,912,347,1111,204,1000,577,884
16.03.18,8842.00,8340.00,8842.00,6548.00,6540.00,8842.00,0.00,70.00,90.44,31.5,944.90,177.74,3003,639,840,308,1041,174,961,566,808
17.03.18,9467.00,8929.00,9467.00,6538.00,8038.20,9467.00,0.00,91.97,90.44,33.9,983.21,190.51,3337,645,965,354,1081,183,968,563,833
18.03.18,9939.00,9316.00,9939.00,6918.00,8223.10,9939.00,0.00,91.97,90.44,34.6,955.62,198.83,3464,661,986,363,1157,213,1023,576,873
19.03.18,10084.00,9466.00,10084.00,7140.00,8155.30,10084.00,0.00,91.75,89.96,34.4,976.88,199.69,3611,621,1062,363,1138,202,1017,591,861
20.03.18,9578.00,9131.00,9578.00,7079.00,8325.00,9578.00,0.00,90.63,89.96,34,933.31,198.49,3441,640,1005,358,1068,197,1000,599,823
21.03.18,9641.00,9045.00,9714.00,7029.00,8402.00,9714.00,0.00,90.63,89.64,34.6,934.64,196.77,3460,625,983,357,1093,198,918,587,824
22.03.18,9819.00,9227.00,9819.00,7219.00,8476.90,9819.00,0.00,91.35,89.64,33.1,977.29,206.88,3549,608,1008,371,1118,206,1007,559,801
23.03.18,9344.00,8714.00,9344.00,6897.80,7267.90,9344.00,0.00,91.97,90.44,33.6,953.32,188.23,3185,638,886,365,1105,195,957,575,808
24.03.18,9470.00,8910.00,9470.00,7308.00,8147.00,9470.00,0.00,91.97,89.16,33.5,1004.40,199.83,3612,576,945,363,992,208,919,538,757
25.03.18,8962.00,8397.00,9190.00,7716.00,8408.90,8962.00,0.00,90.78,89.16,33.7,966.78,200.48,3459,562,878,364,950,215,836,456,677
26.03.18,8654.00,8126.00,8654.00,6738.70,7440.30,8654.00,0.00,90.78,89.16,33.5,863.86,182.76,2837,566,867,221,1109,213,931,583,799
27.03.18,9318.00,8736.00,9318.00,6112.00,7897.00,9318.00,0.00,90.78,88.68,33.9,917.10,186.66,3374,604,1001,336,1029,183,916,547,746
28.03.18,9306.00,8702.00,9306.00,7497.00,8117.40,9306.00,0.00,90.15,88.68,36.1,928.73,198.97,3413,639,950,358,962,192,915,519,754
29.03.18,9147.00,8630.00,9147.00,7250.00,8330.00,9147.00,0.00,90.15,88.51,33.5,917.48,197.04,3567,315,993,363,1008,213,899,499,773
30.03.18,5487.00,5294.00,7815.00,6062.20,6315.20,5487.00,0.00,89.76,88.34,29.1,748.43,148.06,2325,335,493,84,664,104,725,374,190
31.03.18,8314.00,7772.00,8314.00,1774.00,4893.40,8314.00,0.00,89.59,88.34,28.9,912.38,132.07,3034,491,943,280,948,180,780,438,678
01.04.18,9147.00,8563.00,9147.00,5696.00,7359.10,9147.00,0.00,89.59,88.34,34.2,932.62,171.56,3309,593,1014,337,902,213,856,517,822
02.04.18,9258.00,8755.00,9258.00,5910.00,7658.50,9258.00,0.00,89.59,88.34,30,888.34,179.08,3295,563,1038,354,1024,189,923,549,820
03.04.18,9350.00,8774.00,9350.00,6551.00,8216.20,9350.00,0.00,89.59,87.40,34.2,906.20,196.31,3429,604,889,338,1037,182,937,563,795
04.04.18,9248.00,8569.00,9248.00,7014.00,7969.20,9248.00,0.00,88.63,87.20,34,909.48,192.14,3333,502,1048,374,976,174,901,515,746
05.04.18,7443.00,7167.00,8386.20,7322.00,8361.20,7443.00,0.00,88.19,87.00,34.1,853.59,185.14,3160,319,1013,245,503,86,675,512,654
06.04.18,8396.00,7899.00,8396.00,5243.00,5941.90,8396.00,0.00,87.92,86.80,31.0,867.86,157.20,2986,566,792,313,1013,177,833,563,656
07.04.18,9255.00,8755.00,9255.00,5607.00,7424.30,9255.00,0.00,87.68,86.80,33.9,902.08,176.57,3432,600,1016,355,1000,179,883,512,778
08.04.18,9200.00,8647.00,9200.00,5953.00,7269.50,9200.00,0.00,87.68,86.60,33,916.69,171.78,3227,591,1003,327,1014,214,911,557,803
09.04.18,9510.00,8906.00,9510.00,6360.00,8255.10,9510.00,0.00,87.28,86.20,33.6,943.30,191.33,3559,567,1038,368,981,230,861,531,771
10.04.18,9355.00,8591.00,9355.00,5947.00,7950.40,9355.00,0.00,87.05,86.20,33.7,955.77,184.40,3278,647,941,341,1014,180,865,500,825
12.04.18,8943.00,8390.00,8943.00,7007.80,6580.60,8943.00,0.00,86.87,86.20,33,936.89,190.23,3174,543,1068,303,961,241,857,485,758
12.04.18,8917.00,8328.00,8917.00,5187.00,7923.30,8917.00,0.00,86.87,86.20,33.4,875.19,167.25,3318,518,1081,322,870,198,842,463,716
13.04.18,9257.00,8756.00,9257.00,5332.30,6363.30,9257.00,0.00,86.07,86.20,32.8,942.12,164.53,3173,653,977,367,1096,242,909,485,854
14.04.18,7665.00,7253.00,8282.00,6680.00,7522.30,7665.00,0.00,85.85,86.20,34.1,907.66,176.18,2293,534,1015,340,875,220,932,540,504
15.04.18,9961.00,9420.00,9961.00,5767.00,8044.00,9961.00,0.00,85.85,86.20,34.4,1032.07,186.93,3572,640,1081,348,1122,232,982,598,845
16.04.18,9702.00,9277.00,9702.00,7383.30,8840.00,9702.00,0.00,85.31,85.00,36.5,986.47,206.55,3570,377,1050,389,1171,258,1036,553,873
17.04.18,8464.00,7965.00,8464.00,7051.20,7437.10,8464.00,0.00,85.31,84.40,31.6,844.43,177.46,3274,515,804,325,942,119,1053,411,522
18.04.18,9758.00,9276.00,9758.00,4376.00,7536.30,9758.00,0.00,85.31,84.40,32.6,929.91,170.21,3577,615,974,370,1120,200,985,590,845
19.04.18,9425.00,8901.00,9425.00,5443.30,7639.70,9425.00,0.00,84.40,84.20,32.4,977.76,173.78,3580,594,935,355,996,221,934,555,731
20.04.18,8095.00,7635.00,8090.00,5926.40,6206.60,8095.00,0.00,84.16,84.20,35.0,919.61,165.41,2717,531,796,313,951,201,909,515,702
21.04.18,8498.00,7919.00,8498.00,6263.10,7094.30,8498.00,0.00,84.16,83.80,33.1,907.17,172.92,2946,479,936,320,914,246,977,556,545
22.04.18,8461.00,8101.00,8624.00,6458.00,7953.80,8461.00,0.00,83.56,83.80,33.5,926.74,182.25,3053,578,967,348,880,152,1000,579,544
23.04.18,9778.00,9189.00,9778.00,6641.00,8105.40,9778.00,0.00,83.28,83.40,34.7,956.74,195.27,3432,526,1082,350,1150,239,988,580,842
24.04.18,10137.00,9626.00,10137.00,7235.00,8526.20,10137.00,0.00,83.08,83.20,34.5,989.03,209.82,3704,493,1035,385,1197,256,1070,618,868
25.04.18,8591.00,7910.00,9269.00,7229.00,8329.30,8591.00,0.00,83.08,83.20,34.1,854.95,188.12,3328,247,1033,259,1005,242,653,445,698
26.04.18,9261.00,8799.00,9261.00,5379.00,7243.40,9261.00,0.00,83.08,82.80,33.8,851.01,170.95,3455,534,1002,342,1095,203,872,481,815
27.04.18,8876.00,8331.00,8876.00,4793.00,6297.30,8876.00,0.00,81.78,82.80,31,958.33,156.67,3051,542,964,343,1059,221,906,468,777
28.04.18,9573.00,9131.00,9573.00,6303.00,7884.30,9573.00,0.00,81.67,82.40,34.3,971.49,194.76,3578,608,1059,362,1136,233,793,519,843
29.04.18,7807.00,7366.00,7807.00,4197.10,5524.60,7807.00,0.00,81.29,82.40,28.1,837.51,152.25,2796,457,757,300,998,151,795,521,591
02.05.18,6579.00,6174.00,6579.00,4666.00,5636.60,6579.00,0.00,80.59,81.81,32.8,854.12,130.69,2415,452,672,268,664,119,698,476,410
02.05.18,6579.00,6174.00,6579.00,4666.00,5636.60,6579.00,0.00,80.59,81.81,32.8,854.12,130.69,2415,452,672,268,664,119,698,476,410
02.05.18,6579.00,6174.00,6579.00,4666.00,5636.60,6579.00,0.00,80.59,81.81,32.8,854.12,130.69,2415,452,672,268,664,119,698,476,410
03.05.18,9091.00,8520.00,9091.00,4966.00,7342.80,9091.00,0.00,80.59,81.83,32.5,1011.88,165.40,3150,613,1030,319,1057,215,904,543,689
04.05.18,8024.00,7589.00,8024.00,5412.10,5686.10,8024.00,0.00,80.07,81.83,34.0,883.02,156.76,2759,513,927,271,1027,184,788,470,650
05.05.18,8883.00,8381.00,8883.00,5506.10,7201.00,8883.00,0.00,80.07,81.83,32.7,922.23,167.88,3198,603,992,307,971,231,923,560,596
06.05.18,9758.00,9268.00,9758.00,5881.00,7898.00,9758.00,0.00,80.07,80.86,33.7,944.15,180.32,3565,647,1045,323,1133,246,955,521,833
07.05.18,9641.00,9014.00,9641.00,5390.00,7083.30,9641.00,0.00,78.95,80.86,30,944.15,188.48,3539,565,897,338,1201,248,952,537,737
08.05.18,9566.00,9069.00,9566.00,6629.00,7628.10,9566.00,0.00,79.20,80.48,33,1002.28,193.74,3805,525,909,327,949,223,968,559,804
09.05.18,9446.00,8905.00,9446.00,7153.10,7650.30,9446.00,0.00,80.10,80.48,31.9,972.95,192.36,3548,483,982,238,1208,262,974,424,786
10.05.18,8033.00,7658.00,8376.00,6903.00,7342.40,8033.00,0.00,80.10,80.48,30.2,809.86,175.60,2995,485,941,275,986,206,834,329,607
11.05.18,6549.00,6219.00,6724.00,5165.80,5767.70,6549.00,0.00,80.10,71.91,31.0,834.92,143.75,2585,451,634,297,545,54,806,495,352
12.05.18,9449.00,8797.00,9449.00,5152.00,6988.00,9449.00,0.00,82.68,71.91,32.6,968.95,169.91,3341,528,1016,360,934,236,970,570,842
13.05.18,9160.00,8693.00,9160.00,6485.00,7537.10,9160.00,0.00,82.68,79.53,32.8,945.04,180.26,3308,574,930,339,999,207,955,589,792
14.05.18,9464.00,8886.00,9522.00,6254.00,7619.00,9464.00,0.00,82.61,79.34,32.5,950.34,185.73,3518,574,949,340,1057,201,959,547,741
15.05.18,9313.00,8775.00,9313.00,6748.00,7952.00,9313.00,0.00,82.21,79.34,34.6,889.47,191.21,3575,504,1054,209,1119,256,928,341,789
16.05.18,8753.00,8346.00,8753.00,4864.00,6623.30,8753.00,0.00,82.21,79.34,27.4,925.87,163.77,3180,487,984,360,953,213,856,540,773
17.05.18,9703.00,9116.00,9726.00,5949.00,7620.30,9703.00,0.00,82.21,79.34,32.0,980.97,185.35,3427,581,950,353,1184,242,927,590,862
18.05.18,8668.00,8280.00,8766.00,5835.50,5864.60,8668.00,0.00,82.21,79.34,30.0,900.24,170.71,2928,639,906,350,967,197,958,618,717
19.05.18,9917.00,9427.00,9917.00,5585.00,7219.70,9917.00,0.00,80.57,79.34,31.9,1021.93,186.40,3457,587,919,389,1268,257,1054,630,866
20.05.18,9715.00,9223.00,9715.00,6781.10,7472.40,9715.00,0.00,80.57,79.34,31.1,972.03,193.93,3392,595,894,388,1211,212,1062,642,827
22.05.18,10147.00,9638.00,10147.00,6880.10,7877.30,10147.00,0.00,80.57,79.34,32.5,1030.16,199.77,3528,648,1017,379,1207,261,1047,664,887
23.05.18,9904.00,9350.00,9904.00,7062.30,7694.90,9904.00,0.00,80.57,79.34,29.4,1006.54,202.20,3393,607,1028,387,1190,243,1048,618,836
24.05.18,10130.00,9592.00,10130.00,6815.00,7976.20,10130.00,0.00,81.57,77.40,33.2,979.90,194.99,3604,456,1050,364,1306,244,1048,603,917
25.05.18,8960.00,8490.00,9083.00,6539.30,6999.00,8960.00,0.00,81.57,77.40,35.2,969.03,189.43,3294,275,1016,336,903,250,964,593,859
26.05.18,10699.00,10127.00,10699.00,6781.00,8129.60,10699.00,0.00,81.57,77.40,34.5,998.42,206.78,3847,631,1048,352,1341,261,1108,612,927
27.05.18,10825.00,10299.00,10825.00,7847.50,8732.90,10825.00,0.00,81.57,77.40,35.5,1005.07,223.99,3941,664,1002,389,1311,267,1104,637,984
28.05.18,10958.00,10324.00,10958.00,7198.50,8783.20,10958.00,0.00,81.57,77.40,35.5,998.89,219.77,4005,666,1119,423,1384,267,1042,434,984
29.05.18,10875.00,10310.00,10875.00,5950.40,8033.30,10875.00,0.00,81.19,76.60,35.4,1034.97,204.90,3928,675,1019,412,1373,261,1032,637,973
30.05.18,9869.00,9472.00,9994.00,7679.40,9123.30,9869.00,0.00,81.19,76.60,36.3,1005.58,221.42,3432,605,1120,361,1232,275,1072,650,725
31.05.18,9887.00,9429.00,9887.00,5907.10,7365.50,9887.00,0.00,81.19,76.60,28.2,933.00,198.34,3464,656,1015,401,1220,234,1006,621,812
01.06.18,9198.00,8704.00,9207.00,6639.40,6807.00,9198.00,0.00,81.19,76.60,32.6,919.45,183.07,3090,591,1028,402,1066,242,841,599,845
02.06.18,10364.00,9777.00,10397.00,6506.10,7861.40,10364.00,0.00,81.19,76.26,33.2,1064.33,200.62,3733,632,1096,432,1103,255,1040,538,948
03.06.18,10602.00,10055.00,10602.00,7592.10,8703.20,10602.00,0.00,79.70,76.26,34.2,1065.63,220.73,3665,675,1054,447,1309,266,1053,623,963
04.06.18,10716.00,10215.00,10716.00,7695.50,8886.30,10716.00,0.00,79.70,76.26,34.5,1067.45,224.15,3908,648,988,453,1344,197,1106,594,977
05.06.18,10903.00,10396.00,10903.00,7744.70,8864.00,10903.00,0.00,79.70,76.26,35.1,1054.67,224.24,3942,663,1050,450,1353,263,1071,602,1002
06.06.18,10948.00,10414.00,10949.00,8128.30,9023.20,10948.00,0.00,79.70,76.26,34,990.82,227.35,3986,625,1072,424,1337,274,1115,620,961
07.06.18,10909.00,10407.00,10909.00,8521.70,9178.20,10909.00,0.00,78.27,76.26,34,1031.60,233.99,4118,632,1090,459,1246,262,1082,568,950
08.06.18,10561.00,9961.00,10561.00,7425.30,7958.20,10561.00,0.00,78.27,76.26,34.3,1008.47,215.06,3693,663,1006,384,1301,275,1023,615,1001
09.06.18,10249.00,9592.00,10249.00,7959.20,9043.00,10249.00,0.00,78.27,76.26,35.1,1043.93,223.44,3993,696,964,436,1026,210,1068,607,592
10.06.18,10044.00,9571.00,10244.00,7705.60,8718.60,10044.00,0.00,78.38,76.26,34.6,1019.11,216.07,3758,730,584,447,1239,252,1099,556,906
11.06.18,10480.00,10011.00,10480.00,7242.60,8523.60,10480.00,0.00,87.00,76.26,33.0,1058.54,212.43,3932,758,730,408,1284,233,1136,628,902
12.06.18,9286.00,8773.00,9761.00,7596.00,8881.20,9286.00,0.00,85.90,79.14,34.0,1000.29,208.57,3081,766,791,356,1208,205,1060,633,673
13.06.18,10263.00,9818.00,10276.00,6865.40,7608.40,10263.00,0.00,91.70,79.14,31.5,1022.38,200.31,3478,795,923,423,1272,249,1076,642,960
14.06.18,9944.00,9479.00,9968.00,7472.60,8150.20,9944.00,0.00,95.80,79.14,35.6,1020.84,206.09,3225,728,849,344,1319,289,1096,645,984
15.06.18,8616.00,8122.00,8774.00,5720.00,6515.30,8616.00,0.00,99.65,79.14,34.4,957.76,177.12,2619,600,633,351,1293,272,1020,458,876
16.06.18,7749.00,7238.00,7749.00,4998.50,5387.90,7749.00,0.00,102.22,79.14,31.2,874.08,147.77,2130,618,674,329,990,217,924,549,807
17.06.18,8503.00,7920.00,8503.00,5345.10,5801.10,8503.00,0.00,103.00,88.22,35.5,904.94,157.06,2502,702,742,340,1106,258,774,569,927
18.06.18,9132.00,8686.00,9132.00,5620.30,6436.70,9132.00,0.00,103.98,80.49,35.3,929.43,169.41,2606,757,864,382,1253,261,1049,595,919
19.06.18,8229.00,7762.00,8788.00,5197.10,5470.10,8229.00,0.00,103.90,20.00,28.5,868.52,161.64,2243,667,798,392,1114,233,935,581,799
20.06.18,9186.00,8741.00,9209.00,5756.20,7000.30,9186.00,0.00,103.35,20.00,37.2,999.96,181.85,2700,682,987,444,1187,242,1039,603,857
21.06.18,9641.00,9144.00,9700.00,6730.60,7678.90,9641.00,0.00,102.64,20.00,35.5,1055.57,194.80,2915,691,1008,439,1258,257,1051,620,905
22.06.18,9615.00,9118.00,9753.00,6767.40,7221.00,9651.00,0.00,102.18,20.00,35.4,1038.39,194.42,2971,764,966,435,1244,210,1051,608,869
23.06.18,10021.00,9425.00,10021.00,7032.30,7590.80,10021.00,0.00,101.78,81.84,31.6,1077.74,200.61,3269,747,977,398,1268,260,1032,613,861
24.06.18,9839.00,9338.00,9839.00,6931.30,8179.50,9839.00,0.00,101.57,82.38,32.4,1109.25,205.42,3462,605,918,422,1261,260,926,565,919
25.06.18,10094.00,9745.00,10094.00,6831.30,8081.50,10094.00,0.00,101.82,82.65,31.2,1045.18,200.31,3474,735,955,426,1330,238,1073,630,884
26.06.18,10337.00,9746.00,10337.00,6501.10,8115.90,10337.00,0.00,102.20,82.65,33.8,1033.87,205.75,3565,726,973,444,1251,273,1061,619,834
27.06.18,10426.00,9884.00,10426.00,6928.30,8107.90,10426.00,0.00,102.48,82.92,32.2,1072.01,201.70,3582,724,1047,408,1268,255,1091,577,932
28.06.18,10359.00,9680.00,10359.00,6793.40,8287.90,10359.00,0.00,102.57,83.46,33.8,1084.73,208.30,3497,644,927,456,1284,262,1069,627,914
29.06.18,9456.00,9081.00,9574.00,6526.40,7051.70,9456.00,0.00,102.49,83.73,33.8,1042.95,191.92,3267,723,940,354,1157,250,959,557,874
30.06.18,10679.00,10229.00,10679.00,6748.40,8136.30,10679.00,0.00,102.25,84.00,34.0,1083.69,206.88,3751,725,1023,439,1333,265,1123,616,954
01.07.18,10490.00,9982.00,10490.00,7754.40,8702.00,10490.00,0.00,102.13,84.00,34.1,987.70,216.25,3813,559,1060,433,1304,273,972,577,991
02.07.18,10639.00,10063.00,10639.00,7345.04,8587.30,10639.00,0.00,101.96,84.16,33.6,934.37,212.18,3810,621,1041,427,1302,280,977,600,1005
02.07.18,10639.00,10063.00,10639.00,7345.04,8587.30,10639.00,0.00,101.96,84.16,33.6,934.37,212.18,3810,621,1041,427,1302,280,977,600,1005
04.07.18,10046.00,9680.00,10046.00,6881.10,8241.00,10046.00,0.00,103.30,84.64,31.1,943.75,197.57,3587,689,965,403,1202,258,1050,605,921
05.07.18,10754.00,10163.00,10754.00,6908.10,8253.70,10754.00,0.00,104.40,84.80,33.2,957.94,208.58,3760,739,1018,433,1327,269,1114,596,907
06.07.18,10426.00,10030.00,10426.00,6808.00,7249.70,10426.00,0.00,105.06,84.80,34.6,979.58,198.44,3536,774,954,448,1339,270,1106,633,970
07.07.18,11059.00,10400.00,11059.00,7233.20,8524.00,11059.00,0.00,105.31,85.12,34.5,994.09,219.25,3875,681,1048,453,1347,270,1134,616,976
08.07.18,10791.00,10344.00,10791.00,8007.30,9009.80,10791.00,0.00,105.36,85.28,33,963.78,231.54,3825,758,1032,435,1336,276,1120,596,966
09.07.18,10966.00,10477.00,10966.00,7794.40,8946.90,10966.00,0.00,105.24,85.54,31.6,995.30,220.77,3922,768,1028,448,1331,281,1122,634,943
10.07.18,10975.00,10456.00,10975.00,7971.50,8979.00,10975.00,0.00,104.84,85.60,32.8,988.09,220.07,3962,738,1034,417,1331,278,1112,616,968
11.07.18,11210.00,10566.00,11210.00,7856.40,9119.00,11210.00,0.00,104.76,85.76,34,985.11,228.47,3978,746,1082,467,1324,250,1133,612,974
12.07.18,11149.00,10546.00,11149.00,8235.30,9458.00,11149.00,0.00,104.80,85.76,36.3,988.00,232.22,4020,733,1051,458,1336,279,1098,598,973
13.07.18,10304.00,9735.00,10419.00,7417.00,7810.40,10304.00,0.00,104.68,85.92,36.7,1015.70,210.42,3531,737,983,429,1119,251,1097,593,995
14.07.18,11306.00,10693.00,11306.00,7901.80,8783.20,11306.00,0.00,104.47,85.92,34.6,1078.48,223.60,4043,743,1077,485,1337,276,1123,601,1008
15.07.18,11113.00,10527.00,11113.00,8235.20,9267.90,11113.00,0.00,104.34,86.40,34.7,1054.80,230.70,3918,748,1046,437,1363,279,1112,626,998
16.07.18,10978.00,10428.00,10978.00,7873.50,8838.10,10978.00,0.00,104.33,86.40,27.7,1050.50,224.94,4003,759,1017,472,1272,247,1130,590,938
17.07.18,10928.00,10321.00,10928.00,7821.00,8971.00,10928.00,0.00,104.20,86.56,32,1050.62,224.70,3839,754,1059,455,1278,274,1117,622,923
18.07.18,11184.00,10458.00,11387.00,8175.60,9372.60,11184.00,0.00,104.07,86.88,34.7,1037.06,231.62,3988,725,1036,480,1337,257,1092,561,982
19.07.18,11144.00,10508.00,11387.00,8175.60,9735.40,11144.00,0.00,104.07,86.88,37.6,1046.61,231.62,4141,701,1071,493,1238,282,1103,585,894
20.07.18,10357.00,9785.00,10976.00,8338.30,8463.80,10357.00,0.00,103.56,87.20,34.3,1017.81,222.60,3660,616,958,450,1291,261,1175,440,934
21.07.18,10621.00,10060.00,10621.00,7554.40,7876.00,10621.00,0.00,103.30,87.36,31.3,1046.25,212.38,3892,685,962,445,1236,257,1049,614,920
22.07.18,10670.00,10075.00,10670.00,7374.60,8186.40,10670.00,0.00,103.15,87.36,32.6,1039.30,210.09,3886,582,1003,436,1269,283,1016,600,1000
23.07.18,10271.00,9679.00,10271.00,7421.00,8546.50,10271.00,0.00,102.97,87.68,32.7,1059.89,217.57,3725,709,1015,416,1204,272,934,477,927
24.07.18,9945.00,9578.00,9945.00,7150.50,8203.00,9945.00,0.00,102.90,87.68,30.3,1038.45,201.49,3689,675,969,423,1232,266,902,499,923
25.07.18,10340.00,9865.00,10340.00,6935.20,8224.70,10340.00,0.00,103.21,88.00,34.2,1054.62,203.24,3763,745,1076,418,1235,245,929,504,950
26.07.18,10256.00,9638.00,10256.00,7328.00,8326.70,10256.00,0.00,103.35,88.16,28.7,1034.31,204.55,3691,709,952,439,1219,216,957,532,923
27.07.18,9613.00,9186.00,9613.00,6828.50,7091.90,9613.00,0.00,103.27,88.16,30.5,1003.52,191.21,3378,721,901,429,1103,255,929,560,910
28.06.18,10359.00,9680.00,10359.00,6793.40,8287.90,10359.00,0.00,102.57,83.46,33.8,1084.73,208.30,3497,644,927,456,1284,262,1069,627,914
29.07.18,10552.00,10087.00,10552.00,7338.00,8436.80,10552.00,0.00,103.14,88.49,32,1069.26,212.47,3808,770,1058,443,1297,272,941,552,946
30.07.18,10538.00,9839.00,10538.00,7371.50,8744.40,10538.00,0.00,103.14,88.83,31.8,1087.59,214.44,3849,694,997,406,1274,217,950,517,935
31.07.18,10651.00,10122.00,10651.00,7655.10,8962.00,10651.00,0.00,102.96,89.00,33.2,1146.02,218.80,3935,735,995,408,1263,272,1005,558,951
01.08.18,10115.00,9609.00,10115.00,7522.40,8569.90,10115.00,0.00,102.82,89.32,32.5,1144.63,211.93,3757,715,947,414,1199,229,911,521,916
02.08.18,10086.00,9445.00,10086.00,7318.00,8295.10,10086.00,0.00,102.86,89.64,32.7,1115.57,205.16,3700,709,967,398,1232,242,971,517,709
03.08.18,9727.00,9279.00,9727.00,6474.10,6834.70,9727.00,0.00,103.10,89.64,32.6,1096.45,188.55,3421,683,985,395,1137,259,976,551,872
04.08.18,10518.00,9962.00,10518.00,7149.00,8216.00,10518.00,0.00,103.26,90.28,34,1159.12,209.35,3848,763,1074,451,1318,196,991,328,993
05.08.18,10862.00,10339.00,10862.00,8129.40,8831.30,10862.00,0.00,103.34,90.60,32,1150.43,249.50,3968,764,1032,429,1304,269,1083,523,967
